DEPCOM;COMP;PMUN;PCAP;PTOT
01015;Arbignieu;507;13;520
01025;Bâgé-la-Ville;3200;77;3277
01033;Bellegarde-sur-Valserine;11675;274;11949
01036;Belmont-Luthézieu;601;6;607
01059;Brénaz;104;0;104
01080;Champdor;447;6;453
01091;Châtillon-en-Michaille;3694;76;3770
01095;Chavannes-sur-Suran;670;7;677
01097;Chavornay;225;9;234
01098;Chazey-Bons;961;32;993
01119;Corcelles;204;8;212
01120;Cordieux;542;8;550
01122;Cormaranche-en-Bugey;822;65;887
01130;Cras-sur-Reyssouze;1471;24;1495
01137;Cuisiat;615;10;625
01144;Dommartin;892;31;923
01154;Étrez;811;21;832
01172;Germagnat;144;4;148
01176;Grand-Abergement;118;4;122
01182;Groslée;360;9;369
01185;Hauteville-Lompnes;3653;104;3757
01186;Hostiaz;87;0;87
01187;Hotonnes;294;9;303
01204;Lalleyriat;248;8;256
01205;Lancrans;1054;31;1085
01215;Lhôpital;50;0;50
01218;Lochieu;87;2;89
01221;Lompnieu;117;1;118
01227;Magnieu;495;12;507
01271;Nattages;586;25;611
01286;Parves;356;13;369
01292;Petit-Abergement;131;3;134
01300;Poizat;472;7;479
01312;Pressiat;250;6;256
01316;Pugieu;151;4;155
01324;Rignat;254;2;256
01338;Saint-Benoît;833;27;860
01340;Saint-Bois;137;4;141
01341;Saint-Champ;149;1;150
01409;Songieu;126;6;132
01413;Surjoux;81;3;84
01414;Sutrieu;208;7;215
01417;Thézillieu;291;9;300
01426;Treffort;1736;37;1773
01442;Vieu;385;4;389
01453;Virieu-le-Petit;297;11;308
02018;Anizy-le-Château;1939;37;1976
02026;Artonges;164;4;168
02053;Baulne-en-Brie;264;1;265
02147;Celle-sous-Montmirail;118;1;119
02153;Cessières;437;10;447
02161;Chapelle-Monthodon;202;4;206
02285;Escaufourt;154;3;157
02300;Fargniers;3282;45;3327
02301;Faucoucourt;322;7;329
02325;Fontenelle-en-Brie;201;3;204
02348;Glennes;211;4;215
02360;Guignicourt;2205;29;2234
02434;Lizy;272;7;279
02439;Longueval-Barbonval;488;8;496
02458;Marchais-en-Brie;335;8;343
02475;Menneville;499;7;506
02479;Merval;131;0;131
02597;Perles;79;3;82
02630;Quessy;2923;26;2949
02646;Révillon;69;3;72
02669;Saint-Agnan;104;0;104
02733;Suzy;326;10;336
02771;Vauxcéré;70;0;70
02811;Villers-en-Prayères;132;2;134
02825;Vouël;2286;46;2332
03123;Givarlais;215;5;220
03153;Louroux-Hodement;354;9;363
03158;Maillet;319;6;325
03168;Meaulne;765;14;779
03318;Vitray;124;1;125
04003;Albiosc;38;0;38
04010;Argens;12;0;12
04011;Astoin;6;0;6
04014;Augès;0;0;0
04029;Blégiers;71;0;71
04033;Bréole;371;11;382
04052;Châteauneuf-lès-Moustiers;56;0;56
04082;Esparron-la-Bâtie;11;0;11
04100;Larche;58;0;58
04105;Lincel;220;5;225
04120;Meyronnes;63;1;64
04131;Montpezat;43;0;43
04153;Poil;3;1;4
04165;Reynier;12;0;12
04198;Saint-Vincent-les-Forts;370;7;377
05001;Abriès;299;8;307
05002;Agnières-en-Dévoluy;291;9;300
05005;Antonaves;144;2;146
05020;Bénévent-et-Charbillac;276;9;285
05024;Bruis;78;3;81
05034;Châteauneuf-de-Chabre;379;7;386
05042;Cluse;55;0;55
05053;Eyguians;243;5;248
05067;Infournas;24;0;24
05069;Lagrand;241;3;244
05088;Montmorin;100;6;106
05101;Pelvoux;460;14;474
05118;Ribiers;826;17;843
05120;Ristolas;86;0;86
05125;Romette;1656;36;1692
05132;Saint-Bonnet-en-Champsaur;1736;60;1796
05138;Saint-Disdier;118;2;120
05139;Saint-Étienne-en-Dévoluy;502;16;518
05143;Saint-Genis;55;1;56
05150;Sainte-Marie;38;0;38
05175;Vallouise;750;26;776
07011;Antraigues-sur-Volane;543;5;548
07016;Asperjoc;404;7;411
07043;Brahic;90;2;92
07046;Casteljau;308;11;319
07057;Chassagnes;190;4;194
07135;Laval-d'Aurelle;38;0;38
07164;Naves;558;21;579
07165;Nonières;215;10;225
07246;Saint-Jean-de-Pourcharesse;54;1;55
07256;Saint-Julien-Labrousse;335;8;343
07262;Saint-Laurent-les-Bains;139;2;141
07271;Saint-Martin-l'Inférieur;179;6;185
08007;Alleux;78;1;79
08009;Amblimont;219;1;220
08012;Andevanne;21;0;21
08042;Balaives-et-Butz;197;13;210
08050;Barricourt;50;4;54
08051;Bay;58;0;58
08053;Bazeilles;1911;207;2118
08072;Bosseval-et-Briancourt;416;11;427
08079;Boutancourt;277;14;291
08112;Châtillon-sur-Bar;129;2;131
08114;Chéhéry;121;5;126
08115;Chémery-sur-Bar;457;8;465
08116;Chesne;897;15;912
08145;Douzy;1894;50;1944
08152;Élan;75;2;77
08173;Flize;1174;23;1197
08177;Foulzy;61;0;61
08198;Grandpré;410;12;422
08213;Hardoye;71;1;72
08258;Logny-lès-Chaumont;25;0;25
08261;Louvergny;66;1;67
08265;Mainbresson;84;0;84
08266;Mainbressy;133;2;135
08267;Mairy;273;11;284
08285;Meillier-Fontaine;41;2;43
08311;Mouzon;2086;39;2125
08337;Pargny-Resson;230;3;233
08345;Primat;36;2;38
08359;Rémonville;59;1;60
08371;Rubécourt-et-Lamécourt;146;4;150
08441;Termes;130;5;135
08443;Terron-sur-Aisne;108;9;117
08475;Villers-Cernay;337;7;344
08490;Vouziers;3918;134;4052
08491;Vrigne-aux-Bois;3207;67;3274
08493;Vrizy;314;6;320
08495;Wadimont;50;1;51
09028;Aulos;54;2;56
09036;Banat;122;3;125
09062;Bordes-sur-Lez;157;2;159
09135;Goulier;46;0;46
09286;Sem;23;0;23
09296;Sinsat;112;1;113
09302;Suc-et-Sentenac;56;0;56
09317;Uchentein;17;0;17
09334;Vicdessos;502;64;566
10003;Aix-en-Othe;2423;23;2446
10036;Beauvoir-sur-Sarce;67;3;70
10277;Palis;646;10;656
10311;Quincey;101;2;103
10415;Villemaur-sur-Vanne;485;5;490
11050;Brenac;220;2;222
11097;Conilhac-de-la-Montagne;67;1;68
11131;Fa;344;16;360
11171;Gueytes-et-Labastide;34;1;35
11251;Montlaur;560;8;568
11298;Pradelles-en-Val;179;3;182
11323;Roquetaillade;210;1;211
11329;Rouvenac;218;3;221
11349;Saint-Just-de-Bélengard;64;1;65
12005;Alpuech;71;0;71
12014;Aurelle-Verlac;159;1;160
12020;Balsac;631;14;645
12021;Bastide-l'Évêque;805;21;826
12040;Buzeins;186;14;200
12076;Conques;250;7;257
12081;Coussergues;254;5;259
12087;Cruéjouls;358;3;361
12090;Druelle;2512;77;2589
12112;Graissac;180;3;183
12114;Grand-Vabre;372;12;384
12117;Lacalm;168;2;170
12120;Laissac;1706;31;1737
12123;Lapanouse;758;49;807
12126;Lavernhe;220;8;228
12132;Loupiac;396;11;407
12173;Noailhac;157;8;165
12177;Palmas;412;7;419
12196;Recoules-Prévinquières;503;5;508
12218;Saint-Cyprien-sur-Dourdou;894;24;918
12224;Saint-Geniez-d'Olt;2037;38;2075
12245;Saint-Salvadou;378;17;395
12223;Sainte-Geneviève-sur-Argence;986;22;1008
12271;Sévérac-l'Église;414;71;485
12270;Sévérac-le-Château;2417;52;2469
12279;Terrisse;147;5;152
12285;Vabre-Tizac;398;17;415
12304;Vitrac-en-Viadène;94;5;99
14002;Acqueville;189;7;196
14004;Aignerville;204;3;207
14005;Airan;670;9;679
14008;Amblie;272;6;278
14011;Anctoville;1083;19;1102
14013;Angoville;27;1;28
14017;Annebecq;123;3;126
14027;Aunay-sur-Odon;3232;36;3268
14028;Auquainville;298;6;304
14029;Autels-Saint-Bazile;50;0;50
14031;Authieux-Papion;63;1;64
14035;Balleroy;962;54;1016
14037;Banneville-sur-Ajon;428;11;439
14056;Bauquay;296;6;302
14051;Beaufour;162;6;168
14052;Beaulieu;200;2;202
14058;Bellou;137;1;138
14061;Bény-Bocage;1048;21;1069
14065;Bernières-le-Patry;548;7;555
14527;Biéville-Quétiéville;357;3;360
14073;Bigne;214;1;215
14074;Billy;398;3;401
14075;Bissières;177;1;178
14081;Boissey;214;1;215
14098;Bretteville-l'Orgueilleuse;3011;40;3051
14099;Bretteville-sur-Dives;283;4;287
14105;Brévière;119;2;121
14109;Brouay;470;6;476
14112;Bully;242;6;248
14113;Burcy;410;6;416
14115;Bures-les-Monts;146;4;150
14128;Campandré-Valcongrain;91;4;95
14129;Campeaux;584;7;591
14139;Carville;343;6;349
14142;Castilly;304;7;311
14143;Caumont-l'Éventé;1324;8;1332
14144;Caumont-sur-Orne;77;0;77
14148;Cerqueux;83;4;87
14150;Cesny-Bois-Halbout;605;9;614
14151;Champ-du-Boult;374;6;380
14152;Chapelle-Engerbold;103;0;103
14153;Chapelle-Haute-Grue;77;1;78
14154;Chapelle-Yvon;549;5;554
14155;Cheffreville-Tonnencourt;297;6;303
14156;Chênedollé;232;3;235
14157;Cheux;1379;13;1392
14158;Chicheboville;533;8;541
14164;Clinchamps-sur-Orne;1219;16;1235
14170;Colomby-sur-Thaon;382;17;399
14174;Condé-sur-Noireau;4641;239;4880
14176;Conteville;99;0;99
14178;Corbon;73;1;74
14186;Coulombs;452;7;459
14187;Coulonces;712;24;736
14188;Coulvain;403;5;408
14189;Coupesarte;42;2;44
14192;Courson;423;8;431
14200;Creully;1597;19;1616
14201;Crèvecœur-en-Auge;480;6;486
14208;Croissanville;538;5;543
14210;Croupte;117;2;119
14212;Cully;212;4;216
14213;Curcy-sur-Orne;498;22;520
14217;Dampierre;131;2;133
14219;Danvou-la-Ferrière;161;6;167
14222;Désert;76;0;76
14235;Écrammeville;207;4;211
14247;Escures-sur-Favières;342;4;346
14253;Estry;357;7;364
14255;Étouvy;287;6;293
14259;Familly;118;5;123
14264;Ferrière-Harang;313;4;317
14265;Fervaques;732;14;746
14268;Fierville-Bray;502;11;513
14279;Fontenermont;146;3;149
14281;Formigny;251;6;257
14292;Friardel;245;3;248
14294;Garcelles-Secqueville;915;6;921
14296;Gast;183;2;185
14313;Grandchamp-le-Château;84;0;84
14317;Graverie;1181;44;1225
14321;Grisy;107;0;107
14324;Hamars;459;7;466
14330;Heurtevent;193;2;195
14331;Hiéville;332;6;338
14339;Hubert-Folie;378;6;384
14340;Huppain;346;8;354
14342;Isigny-sur-Mer;2527;24;2551
14347;Jurques;699;10;709
14349;Laize-la-Ville;798;6;804
14350;Lande-sur-Drôme;66;1;67
14355;Lantheuil;741;8;749
14356;Lasson;566;22;588
14357;Lassy;328;11;339
14359;Lécaude;130;2;132
14361;Lénault;188;6;194
14371;Livarot;2052;31;2083
14372;Livry;743;11;754
14373;Locheur;254;10;264
14376;Longraye;233;5;238
14382;Louvières;69;1;70
14386;Magny-la-Campagne;588;6;594
14387;Magny-le-Freule;339;4;343
14388;Maisoncelles-la-Jourdan;446;13;459
14395;Malloué;26;0;26
14406;Martragny;352;8;360
14410;Méry-Corbon;929;7;936
14413;Mesnil-Auzouf;369;5;374
14414;Mesnil-Bacley;197;10;207
14415;Mesnil-Benoist;43;1;44
14416;Mesnil-Caussois;138;1;139
14417;Mesnil-Clinchamps;970;24;994
14418;Mesnil-Durand;303;5;308
14420;Mesnil-Germain;265;4;269
14422;Mesnil-Mauger;1005;21;1026
14423;Mesnil-Patry;312;11;323
14429;Meulles;362;4;366
14431;Mézidon-Canon;4838;48;4886
14432;Missy;486;16;502
14433;Mittois;137;7;144
14441;Mont-Bertrand;244;2;246
14440;Montamy;122;3;125
14442;Montchamp;554;10;564
14443;Montchauvet;380;6;386
14444;Monteille;152;4;156
14450;Montviette;214;0;214
14456;Moult;2562;23;2585
14459;Moutiers-Hubert;39;0;39
14462;Neuilly-la-Forêt;444;6;450
14463;Neuilly-le-Malherbe;350;6;356
14474;Notre-Dame-d'Estrées;152;3;155
14471;Notre-Dame-de-Courson;372;6;378
14475;Noyers-Bocage;1178;17;1195
14477;Ondefontaine;327;4;331
14481;Oubeaux;212;8;220
14472;Oudon;1577;237;1814
14489;Ouville-la-Bien-Tournée;263;2;265
14493;Percy-en-Auge;237;1;238
14503;Pierres;222;9;231
14505;Placy;157;4;161
14508;Plessis-Grimoult;334;7;341
14513;Pont-Farcy;532;11;543
14517;Poussy-la-Campagne;100;2;102
14518;Préaux-Saint-Sébastien;37;3;40
14521;Presles;280;5;285
14523;Proussy;398;12;410
14525;Putot-en-Bessin;419;18;437
14532;Reculey;277;10;287
14537;Robehomme;256;0;256
14538;Rocquancourt;959;10;969
14539;Rocque;87;0;87
14543;Rots;1465;34;1499
14544;Roucamps;228;2;230
14545;Roullours;811;20;831
14548;Rucqueville;155;2;157
14549;Rully;225;2;227
14551;Russy;198;2;200
14553;Saint-Agnan-le-Malherbe;120;2;122
14554;Saint-Aignan-de-Cramesnil;601;5;606
14560;Saint-Aubin-Lébizay;114;3;117
14564;Saint-Charles-de-Percy;203;3;206
14570;Saint-Cyr-du-Ronceray;723;16;739
14573;Saint-Denis-Maisoncelles;107;0;107
14577;Saint-Gabriel-Brécy;378;55;433
14579;Saint-Georges-d'Aunay;726;12;738
14580;Saint-Georges-en-Auge;86;2;88
14581;Saint-Germain-d'Ectot;283;4;287
14583;Saint-Germain-de-Montgommery;170;8;178
14584;Saint-Germain-de-Tallevende-la-Lande-Vaumont;1993;47;2040
14585;Saint-Germain-du-Crioult;965;20;985
14596;Saint-Jean-des-Essartiers;209;2;211
14597;Saint-Jean-le-Blanc;367;7;374
14599;Saint-Julien-de-Mailloc;471;2;473
14600;Saint-Julien-le-Faucon;693;9;702
14608;Saint-Loup-de-Fribois;176;5;181
14611;Saint-Manvieu-Bocage;556;23;579
14628;Saint-Martin-de-Sallen;637;16;653
14629;Saint-Martin-des-Besaces;1182;5;1187
14632;Saint-Martin-Don;257;0;257
14633;Saint-Martin-du-Mesnil-Oury;110;3;113
14634;Saint-Michel-de-Livet;165;3;168
14636;Saint-Ouen-des-Besaces;436;5;441
14638;Saint-Ouen-le-Houx;87;1;88
14642;Saint-Paul-de-Courtonne;310;7;317
14647;Saint-Pierre-de-Mailloc;494;13;507
14653;Saint-Pierre-la-Vieille;339;1;340
14654;Saint-Pierre-sur-Dives;3453;36;3489
14655;Saint-Pierre-Tarentaine;374;10;384
14658;Saint-Sever-Calvados;1163;27;1190
14662;Saint-Vigor-des-Mézerets;252;5;257
14568;Sainte-Croix-Grand-Tonne;313;6;319
14576;Sainte-Foy-de-Montgommery;174;2;176
14591;Sainte-Honorine-des-Pertes;541;7;548
14616;Sainte-Marguerite-de-Viette;351;4;355
14615;Sainte-Marguerite-des-Loges;183;1;184
14618;Sainte-Marie-Laumont;694;10;704
14666;Sannerville;1918;27;1945
14670;Secqueville-en-Bessin;407;15;422
14671;Sept-Frères;427;5;432
14672;Sept-Vents;451;9;460
14683;Tailleville;142;4;146
14686;Theil-Bocage;203;3;206
14688;Thiéville;280;2;282
14689;Thury-Harcourt;2018;15;2033
14690;Tierceville;156;6;162
14691;Tilly-la-Campagne;215;5;220
14693;Tordouet;271;9;280
14695;Torteval-Quesnay;317;12;329
14696;Tortisambert;126;3;129
14702;Tournay-sur-Odon;338;5;343
14703;Tournebu;356;7;363
14704;Tourneur;638;10;648
14712;Troarn;3510;90;3600
14717;Truttemer-le-Grand;593;19;612
14718;Truttemer-le-Petit;106;4;110
14722;Vacquerie;301;6;307
14725;Vasouy;113;3;116
14726;Vassy;1751;40;1791
14727;Vaubadon;446;3;449
14729;Vaudeloges;202;3;205
14730;Vaudry;1426;53;1479
14740;Vespière;954;14;968
14746;Viessoix;803;24;827
14749;Vieux-Fumé;523;7;530
14750;Vieux-Pont-en-Auge;284;6;290
14757;Villiers-le-Sec;303;5;308
14762;Vire;11091;711;11802
14763;Vouilly;152;0;152
15027;Calvinet;462;10;472
15031;Celles;213;11;224
15035;Chalinargues;401;4;405
15044;Chastel-sur-Murat;113;3;116
15047;Chavagnac;103;1;104
15062;Drignac;76;0;76
15068;Faverolles;290;10;300
15071;Fournoulès;64;1;65
15099;Lavastrie;249;7;256
15108;Loubaresse;426;10;436
15109;Loupiac;180;2;182
15115;Marchal;90;2;92
15136;Mourjou;321;4;325
15138;Murat;1765;95;1860
15141;Neussargues-Moissac;955;13;968
15142;Neuvéglise;1122;21;1143
15145;Oradour;243;12;255
15150;Pers;277;8;285
15268;Rouget;973;18;991
15177;Saint-Christophe-les-Gorges;138;5;143
15181;Saint-Constant;541;11;552
15195;Saint-Just;190;1;191
15197;Saint-Marc;81;1;82
15210;Saint-Rémy-de-Salers;64;2;66
15171;Sainte-Anastasie;146;1;147
15227;Sériers;132;3;135
15239;Tourniac;130;1;131
16004;Aignes-et-Puypéroux;249;38;287
16005;Aigre;1089;23;1112
16017;Anville;208;3;211
16021;Aubeville;144;1;145
16339;Auge-Saint-Médard;289;6;295
16023;Aunac;339;4;343
16033;Bayers;117;2;119
16043;Bignac;237;6;243
16046;Blanzac-Porcheresse;747;15;762
16051;Bonneville;137;5;142
16082;Charmant;349;4;353
16092;Chavenat;187;7;194
16094;Chenommet;165;1;166
16106;Confolens;2601;153;2754
16110;Courcôme;392;10;402
16115;Cressac-Saint-Genis;160;2;162
16126;Embourie;76;1;77
16129;Éraville;216;2;218
16148;Genac;760;7;767
16149;Genouillac;601;8;609
16153;Gondeville;504;5;509
16156;Gourville;656;7;663
16172;Juillaguet;157;1;158
16175;Jurignac;627;9;636
16179;Lamérac;226;5;231
16201;Mainfonds;237;3;240
16202;Mainxe;655;19;674
16204;Malaville;418;12;430
16214;Mazières;102;1;103
16224;Montchaude;496;12;508
16228;Montigné;177;5;182
16230;Montmoreau-Saint-Cybard;1075;35;1110
16247;Nonaville;187;1;188
16257;Péreuil;420;11;431
16259;Péruse;511;44;555
16262;Plaizac;155;1;156
16274;Rancogne;364;10;374
16278;Richemont;411;39;450
16281;Rochefoucauld;2909;59;2968
16286;Rouillac;1937;37;1974
16192;Roumazières-Loubert;2489;48;2537
16296;Saint-Amant-de-Bonnieure;363;4;367
16294;Saint-Amant-de-Montmoreau;689;14;703
16299;Saint-André;278;7;285
16300;Saint-Angeau;740;11;751
16313;Saint-Estèphe;878;11;889
16314;Saint-Eutrope;168;4;172
16322;Saint-Germain-de-Confolens;69;2;71
16327;Saint-Hilaire;305;6;311
16328;Saint-Laurent-de-Belzagot;394;11;405
16332;Saint-Léger;126;1;127
16344;Saint-Projet-Saint-Constant;1072;96;1168
16309;Sainte-Colombe;198;2;200
16371;Sonneville;228;5;233
16376;Suris;250;4;254
16386;Touzac;400;8;408
16391;Tuzie;184;5;189
16406;Vilhonneur;413;5;418
16410;Villegats;216;5;221
16411;Villejésus;502;16;518
16417;Viville;108;2;110
17001;Agonnay;64;1;65
17040;Benâte;420;13;433
17090;Chardes;319;4;323
17103;Chervettes;166;2;168
17123;Coulonge-sur-Charente;120;0;120
17144;Ébéon;49;0;49
17169;Frédière;68;0;68
17189;Hiers-Brouage;620;7;627
17219;Marennes;5632;97;5729
17272;Péré;381;3;384
17277;Saint-Denis-du-Pin;743;63;806
17340;Saint-Germain-de-Marencennes;1194;57;1251
17344;Saint-Hilaire-de-Villefranche;1253;15;1268
17352;Saint-Laurent-de-la-Barrière;108;0;108
17456;Vallet;267;10;277
17457;Vandré;847;15;862
18023;Baugy;1501;25;1526
18123;Laverdines;42;2;44
18239;Saligny-le-Vif;178;2;180
19010;Argentat;2874;119;2993
19019;Beaulieu-sur-Dordogne;1142;21;1163
19032;Brivezac;157;1;158
19098;Lagarde-Enval;827;15;842
19101;Laguenne;1332;36;1368
19123;Malemort-sur-Corrèze;7476;158;7634
19127;Marc-la-Tour;151;3;154
19183;Saint-Bazile-de-la-Roche;142;1;143
19185;Saint-Bonnet-Avalouze;216;2;218
19197;Saint-Dézery;151;7;158
19218;Saint-Julien-près-Bort;405;6;411
19252;Sarroux;446;11;457
19267;Tourette;164;3;167
19282;Venarsal;509;8;517
21073;Bierre-lès-Semur;94;1;95
21178;Clémencey;121;3;124
21272;Flée;170;3;173
21318;Ivry-en-Montagne;163;4;167
21327;Jours-en-Vaux;95;2;97
21352;Longeault;579;3;582
21443;Mornay;92;1;93
21453;Neuvelle-lès-Grancey;23;0;23
21486;Pluvault;547;14;561
21513;Quemigny-Poisot;199;7;206
21621;Tart-l'Abbaye;202;6;208
21623;Tart-le-Haut;1386;26;1412
21697;Villeneuve-sur-Vingeanne;89;2;91
22007;Binic;3967;89;4056
22038;Châtelaudren;1001;12;1013
22046;Collinée;1044;21;1065
22051;Dolo;681;15;696
22055;Étables-sur-Mer;3101;69;3170
22058;Ferrière;454;8;462
22066;Gouray;1292;15;1307
22078;Hengoat;218;8;226
22080;Hermitage-Lorge;754;14;768
22084;Jugon-les-Lacs;1812;36;1848
22093;Lamballe;12382;382;12764
22100;Langast;635;14;649
22102;Langourla;537;10;547
22107;Laniscat;772;27;799
22123;Léhon;3105;110;3215
22151;Meslin;978;19;997
22154;Morieux;1002;18;1020
22158;Mûr-de-Bretagne;2026;52;2078
22167;Perret;173;5;178
22173;Planguenoual;2216;40;2256
22183;Plémet;3195;120;3315
22191;Plessala;1677;36;1713
22192;Plessix-Balisson;91;4;95
22206;Plouagat;2867;43;2910
22209;Ploubalay;3202;56;3258
22219;Plouguenast;1852;70;1922
22203;Plœuc-sur-Lié;3308;63;3371
22247;Pommerit-Jaudy;1213;534;1747
22251;Pordic;6305;183;6488
22253;Pouldouran;165;1;166
22264;Roche-Derrien;1092;27;1119
22290;Saint-Gelven;326;7;333
22292;Saint-Gilles-du-Mené;450;14;464
22297;Saint-Gouéno;687;15;702
22298;Saint-Guen;418;12;430
22303;Saint-Jacut-du-Mené;730;11;741
22357;Trégon;263;2;265
22367;Tréméloir;862;19;881
23094;Gouzougnat;112;4;116
23109;Linard;165;2;167
23121;Malval;45;3;48
23126;Masbaraud-Mérignat;349;14;363
23149;Parsac;617;13;630
23153;Pigerolles;73;0;73
23161;Rimondeix;84;1;85
23163;Rochette;234;4;238
23189;Saint-Dizier-Leyrenne;777;8;785
23192;Saint-Étienne-de-Fursac;767;15;782
23231;Saint-Pierre-de-Fursac;744;8;752
24013;Atur;1936;45;1981
24026;Bassillac;1936;30;1966
24028;Beaumont-du-Périgord;1047;23;1070
24033;Beaussac;160;6;166
24035;Belvès;1300;34;1334
24041;Bézenac;156;1;157
24044;Blis-et-Born;466;7;473
24047;Boissière-d'Ans;218;0;218
24053;Boulazac;7103;211;7314
24064;Brantôme en Périgord;2176;32;2208
24065;Breuilh;267;3;270
24072;Cadouin;311;7;318
24079;Cantillac;189;3;192
24087;Castels;653;17;670
24092;Cendrieux;584;16;600
24093;Cercles;190;6;196
24099;Champeaux-et-la-Chapelle-Pommier;170;1;171
24103;Change;620;20;640
24112;Chapelle-Péchaud;120;0;120
24117;Chavagnac;381;4;385
24118;Chenaud;356;9;365
24127;Coly;212;8;220
24142;Coux-et-Bigaroque;987;31;1018
24147;Cubjac;719;9;728
24166;Eyliac;718;13;731
24170;Eyvirat;289;3;292
24172;Eyzies-de-Tayac-Sireuil;834;11;845
24178;Festalemps;239;11;250
24181;Flaugeac;325;8;333
24198;Gonterie-Boulouneix;249;1;250
24201;Grand-Castang;94;1;95
24203;Graulges;60;2;62
24204;Grèzes;209;5;214
24216;Jemaye;111;2;113
24219;Labouquerie;208;8;216
24233;Laveyssière;141;0;141
24235;Léguillac-de-Cercles;288;6;294
24239;Ligueux;291;3;294
24249;Manaurie;140;3;143
24253;Mareuil;961;21;982
24258;Marsaneix;1116;20;1136
24259;Maurens;1050;21;1071
24270;Milhac-d'Auberoche;595;7;602
24283;Monsec;195;3;198
24298;Mouzens;233;9;242
24310;Nojals-et-Clotte;224;7;231
24312;Notre-Dame-de-Sanilhac;3165;80;3245
24315;Paleyrac;171;8;179
24316;Parcoul;419;8;427
24333;Ponteyraud;43;1;44
24343;Puymangou;70;0;70
24344;Puyrenier;56;0;56
24363;Saint-Amand-de-Belvès;119;0;119
24364;Saint-Amand-de-Coly;380;12;392
24368;Saint-Antoine-Cumond;354;16;370
24369;Saint-Antoine-d'Auberoche;163;5;168
24376;Saint-Aulaye;1364;17;1381
24387;Saint-Cernin-de-Reillac;127;2;129
24389;Saint-Cirq;126;2;128
24391;Saint-Crépin-de-Richemont;223;4;227
24427;Saint-Jean-d'Eyraud;179;7;186
24433;Saint-Julien-d'Eymet;117;2;119
24431;Saint-Julien-de-Crempse;225;2;227
24435;Saint-Laurent-des-Bâtons;213;3;216
24439;Saint-Laurent-sur-Manoire;995;32;1027
24467;Saint-Michel-de-Rivière;807;16;823
24469;Saint-Michel-l'Écluse-et-Léparon;622;10;632
24475;Saint-Pantaly-d'Ans;146;0;146
24490;Saint-Privat-des-Prés;528;3;531
24503;Saint-Sulpice-de-Mareuil;112;1;113
24362;Sainte-Alvère;791;7;798
24402;Sainte-Eulalie-d'Eymet;85;0;85
24423;Sainte-Innocence;99;1;100
24447;Sainte-Marie-de-Chignac;601;9;610
24497;Sainte-Sabine-Born;367;6;373
24530;Sencenac-Puy-de-Fourches;236;2;238
24534;Sigoulès;900;228;1128
24540;Sorges;1274;24;1298
24554;Tour-Blanche;405;7;412
24561;Valeuil;340;12;352
24579;Vieux-Mareuil;340;8;348
25010;Alaise;41;1;42
25028;Athose;207;3;210
25034;Auxon-Dessous;1385;19;1404
25035;Auxon-Dessus;1159;26;1185
25037;Aveney;388;8;396
25064;Blanchefontaine;3;0;3
25076;Bonnevaux-le-Prieuré;118;3;121
25080;Boujeons;160;4;164
25128;Chasnans;273;8;281
25140;Chaux-lès-Clerval;155;4;159
25144;Chazelot;56;2;58
25146;Chazoy;66;0;66
25165;Cordiron;127;1;128
25167;Cottier;92;6;98
25168;Coulans-sur-Lizon;26;0;26
25205;Doulaize;21;0;21
25272;Glainans;133;7;140
25291;Granges-de-Vienney;29;1;30
25302;Hautepierre-le-Châtelet;108;1;109
25337;Lièvremont;404;6;410
25353;Lusans;181;1;182
25358;Maisières-Notre-Dame;72;4;76
25363;Mambouhans;56;1;57
25396;Montferney;58;2;60
25407;Montursin;6;0;6
25409;Morchamps;16;0;16
25424;Nods;570;13;583
25434;Ornans;4295;101;4396
25438;Osselle;452;4;456
25480;Rantechaux;182;2;184
25484;Refranche;31;1;32
25509;Routelle;497;7;504
25543;Servigney;62;0;62
25568;Tournedoz;23;0;23
25581;Valentin;323;4;327
25585;Vanclans;215;4;219
25587;Vauchamps;124;0;124
25603;Vermondans;1081;26;1107
25606;Vernois-le-Fol;75;1;76
26001;Aix-en-Diois;345;7;352
26086;Châtillon-en-Diois;554;11;565
26184;Miribel;295;9;304
26187;Molières-Glandaz;99;1;100
26210;Montrigaud;497;9;506
26297;Saint-Bonnet-de-Valclérieux;218;5;223
26354;Treschenu-Creyers;112;2;114
26366;Veaunes;345;8;353
27007;Ajou;255;3;258
27011;Amfreville-la-Campagne;919;9;928
27022;Aubevoye;5111;67;5178
27032;Avrilly;424;12;436
27041;Barre-en-Ouche;904;16;920
27049;Beaumesnil;509;48;557
27058;Bernières-sur-Seine;336;10;346
27060;Berthenonville;249;2;251
27062;Berville-en-Roumois;828;17;845
27070;Boisemont;750;15;765
27084;Bosc-Bénard-Commin;319;9;328
27085;Bosc-Bénard-Crescy;431;4;435
27088;Bosc-Renoult-en-Ouche;141;0;141
27089;Bosc-Renoult-en-Roumois;417;7;424
27090;Bosc-Roger-en-Roumois;3261;63;3324
27092;Bosguérard-de-Marcouville;629;15;644
27093;Bosnormand;327;4;331
27105;Bourgtheroulde-Infreville;3171;56;3227
27107;Bourneville;1004;18;1022
27112;Breteuil;3155;104;3259
27416;Buis-sur-Damville;998;22;1020
27121;Bus-Saint-Rémy;345;6;351
27122;Cahaignes;351;9;360
27128;Cantiers;228;4;232
27131;Carsix;278;3;281
27143;Champignolles;38;1;39
27145;Chanteloup;98;0;98
27150;Chapelle-Réanville;1112;25;1137
27157;Chesne;643;6;649
27159;Cintray;462;4;466
27160;Civières;222;8;230
27172;Corneuil;611;6;617
27175;Corny;377;6;383
27191;Croix-Saint-Leufroy;1035;22;1057
27195;Dame-Marie;124;4;128
27197;Dampsmesnil;200;5;205
27211;Écardenville-sur-Eure;598;13;611
27213;Écos;1084;15;1099
27221;Épinay;305;8;313
27223;Épreville-en-Roumois;538;4;542
27225;Essarts;448;7;455
27244;Flancourt-Catelon;486;12;498
27250;Fontaine-Heudebourg;900;12;912
27253;Fontaine-la-Soret;386;6;392
27255;Fontenay-en-Vexin;255;4;259
27257;Forêt-la-Folie;489;18;507
27262;Fourges;770;16;786
27263;Fourmetot;690;7;697
27264;Fours-en-Vexin;197;4;201
27265;Francheville;1285;28;1313
27268;Fresne;328;38;366
27270;Fresne-l'Archevêque;562;15;577
27274;Gaillardbois-Cressenville;400;4;404
27277;Garencières;583;13;596
27283;Gisay-la-Coudre;236;4;240
27290;Goupillières;894;8;902
27292;Gouttières;204;3;207
27294;Grainville;582;8;590
27296;Granchain;224;4;228
27297;Grandvilliers;331;4;335
27302;Gros-Theil;1038;9;1047
27303;Guernanville;102;4;106
27305;Guéroulde;807;12;819
27308;Guitry;260;4;264
27344;Houlbec-près-le-Gros-Theil;102;0;102
27356;Jonquerets-de-Livet;313;11;324
27362;Landepéreuse;390;8;398
27402;Mesnil-Hardray;74;0;74
27198;Mesnils-sur-Iton;4511;221;4732
27412;Montaure;1042;26;1068
27425;Nassandres;1331;26;1357
27447;Orvaux;519;12;531
27448;Pacy-sur-Eure;4542;111;4653
27449;Panilleuse;469;10;479
27452;Perriers-la-Campagne;399;11;410
27467;Pont-Audemer;8552;181;8733
27471;Porte-Joie;108;6;114
27479;Provemont;142;3;145
27484;Quessigny;135;2;137
27491;Roman;282;5;287
27499;Roussière;198;4;202
27506;Saint-Amand-des-Hautes-Terres;285;5;290
27510;Saint-Aquilin-de-Pacy;548;13;561
27513;Saint-Aubin-des-Hayes;172;1;173
27515;Saint-Aubin-le-Guichard;313;9;322
27516;Saint-Aubin-le-Vertueux;855;24;879
27523;Saint-Clair-d'Arcey;341;6;347
27532;Saint-Denis-du-Béhélan;198;7;205
27541;Saint-Georges-du-Mesnil;143;3;146
27549;Saint-Germain-Village;1678;64;1742
27551;Saint-Jean-de-la-Léqueraye;66;3;69
27554;Saint-Just;1301;54;1355
27573;Saint-Nicolas-d'Attez;157;3;160
27574;Saint-Nicolas-du-Bosc;306;4;310
27578;Saint-Ouen-d'Attez;318;7;325
27581;Saint-Ouen-des-Champs;306;5;311
27588;Saint-Pierre-d'Autils;958;26;984
27596;Saint-Pierre-du-Mesnil;97;2;99
27600;Saint-Quentin-des-Isles;224;3;227
27607;Saint-Thurien;237;1;238
27519;Sainte-Barbe-sur-Gaillon;257;5;262
27526;Sainte-Croix-sur-Aizier;287;6;293
27565;Sainte-Marguerite-de-l'Autel;567;5;572
27566;Sainte-Marguerite-en-Ouche;131;1;132
27626;Theillement;424;6;430
27628;Thevray;292;6;298
27634;Thomer-la-Sôgne;341;13;354
27636;Thuit-Anger;711;7;718
27637;Thuit-Hébert;312;7;319
27638;Thuit-Signol;2429;39;2468
27639;Thuit-Simer;479;5;484
27642;Tilleul-Othon;363;9;372
27647;Tosny;654;10;664
27648;Tostes;442;9;451
27651;Tournedos-sur-Seine;99;1;100
27653;Tourny;946;32;978
27657;Touville;176;4;180
27676;Venables;794;14;808
27679;Verneuil-sur-Avre;6885;375;7260
27685;Vieille-Lyre;613;9;622
27687;Vieux-Villez;188;0;188
28002;Allaines-Mervilliers;307;14;321
28011;Armenonville-les-Gâtineaux;286;12;298
28012;Arrou;1540;31;1571
28015;Auneau;4670;61;4731
28017;Autheuil;183;10;193
28018;Authon-du-Perche;1201;13;1214
28020;Baignolet;111;6;117
28361;Bleury-Saint-Symphorien;1246;23;1269
28043;Blévy;373;6;379
28044;Boisgasson;121;3;124
28063;Brunelles;544;14;558
28069;Champagne;328;8;336
28083;Charray;104;2;106
28093;Châtillon-en-Dunois;850;9;859
28097;Chêne-Chenu;370;10;380
28101;Civry;343;2;345
28103;Cloyes-sur-le-Loir;2702;52;2754
28112;Coudreceau;491;7;498
28115;Courtalain;604;7;611
28125;Dampierre-sur-Blévy;255;5;260
28133;Douy;564;9;573
28138;Écublé;508;15;523
28145;Fains-la-Folie;343;6;349
28150;Ferté-Villeneuil;375;8;383
28165;Frétigny;526;11;537
28174;Gâtelles;402;6;408
28179;Germignonville;223;3;226
28181;Gironville-et-Neuville;291;7;298
28185;Goussainville;964;10;974
28199;Janville;1835;30;1865
28204;Langey;350;5;355
28205;Lanneray;555;13;568
28224;Lutz-en-Dunois;380;13;393
28228;Mainterne;79;0;79
28236;Margon;1169;38;1207
28238;Marville-les-Bois;360;8;368
28241;Mée;265;7;272
28258;Montainville;301;6;307
28262;Montigny-le-Gannelon;459;14;473
28266;Montlouet;333;8;341
28288;Orlu;38;0;38
28295;Ozoir-le-Breuil;438;15;453
28307;Prouais;592;14;606
28311;Puiset;425;6;431
28318;Romilly-sur-Aigre;458;10;468
28320;Rouvray-Saint-Florentin;208;3;211
28328;Saint-Chéron-des-Champs;189;6;195
28330;Saint-Cloud-en-Dunois;231;4;235
28331;Saint-Denis-d'Authou;494;9;503
28334;Saint-Denis-les-Ponts;1688;42;1730
28338;Saint-Germain-la-Gâtine;153;1;154
28340;Saint-Hilaire-sur-Yerre;552;14;566
28356;Saint-Pellerin;338;11;349
28376;Soizé;310;4;314
28381;Tardais;56;0;56
28384;Theuvy-Achères;207;8;215
28399;Vacheresses-les-Basses;254;10;264
28406;Viabon;379;1;380
28413;Ville-aux-Nonains;178;3;181
28412;Villeau;186;3;189
28416;Villeneuve-Saint-Nicolas;140;4;144
28420;Vitray-sous-Brézolles;89;2;91
28422;Voves;3296;48;3344
29003;Audierne;2151;35;2186
29021;Brignogan-Plages;735;18;753
29052;Esquibien;1541;30;1571
29076;Guipronvel;794;6;800
29092;Kernével;3195;49;3244
29127;Loc-Eguiner-Saint-Thégonnec;317;5;322
29129;Locmaria-Berrien;235;4;239
29149;Milizac;3684;58;3742
29199;Plouigneau;4906;179;5085
29203;Plounéour-Trez;1187;31;1218
29219;Ponthou;177;3;180
29227;Poullaouen;1265;28;1293
29266;Saint-Thégonnec;2693;71;2764
30052;Bréau-et-Salagosse;440;19;459
30157;Mars;176;1;177
31016;Argut-Dessus;43;0;43
31154;Couledoux;36;0;36
31277;Lasserre;982;35;1017
31298;Lez;59;2;61
31307;Lunax;66;1;67
31412;Péguilhan;220;9;229
31438;Pradère-les-Bourguets;540;7;547
32011;Artiguedieu;95;0;95
32074;Cannet;55;3;58
32168;Labarrère;211;5;216
32179;Lagraulas;101;0;101
32344;Riscle;1775;97;1872
33018;Aubie-et-Espessas;1352;17;1369
33055;Blaignan;469;5;474
33091;Cantenac;1375;16;1391
33106;Castets-en-Dorthe;1158;9;1167
33107;Castillon-de-Castets;294;9;303
33267;Marcillac;1136;15;1151
33371;Saint-Antoine;415;5;420
33380;Saint-Caprais-de-Blaye;608;6;614
33495;Salignac;1745;19;1764
34246;Saint-Christol;1389;31;1420
34330;Vérargues;747;13;760
35004;Antrain;1302;31;1333
35011;Baillé;293;4;297
35036;Brain-sur-Vilaine;292;11;303
35048;Campel;493;8;501
35053;Chancé;311;10;321
35060;Chapelle-du-Lou;906;18;924
35069;Châteaugiron;7904;207;8111
35074;Chaumeré;182;2;184
35083;Coglès;669;14;683
35100;Dompierre-du-Chemin;556;9;565
35113;Fontenelle;542;13;555
35129;Guipry;3798;60;3858
35147;Lanhélin;972;12;984
35158;Lou-du-Lac;97;1;98
35163;Luitré;1295;21;1316
35168;Maure-de-Bretagne;3487;69;3556
35176;Messac;3163;89;3252
35184;Montauban-de-Bretagne;5232;235;5467
35191;Montours;1082;21;1103
35209;Ossé;1238;24;1262
35220;Piré-sur-Seiche;2590;53;2643
35254;Saint-Aubin-du-Pavail;824;22;846
35257;Saint-Brice-en-Coglès;3026;53;3079
35267;Saint-Étienne-en-Coglès;1824;41;1865
35269;Saint-Georges-de-Chesné;714;12;726
35282;Saint-Jean-sur-Couesnon;1180;29;1209
35301;Saint-M'Hervon;608;7;615
35292;Saint-Marc-le-Blanc;1396;20;1416
35293;Saint-Marc-sur-Couesnon;571;9;580
35303;Saint-Ouen-la-Rouërie;830;11;841
35308;Saint-Pierre-de-Plesguen;2922;55;2977
35323;Selle-en-Coglès;640;12;652
35341;Tremblay;1517;39;1556
35344;Tressé;407;9;416
35348;Vendel;393;3;396
36039;Chantôme;91;2;93
36072;Faverolles-en-Berry;306;3;309
36093;Levroux;2742;34;2776
36151;Parpeçay;227;1;228
36201;Saint-Martin-de-Lamps;151;1;152
36206;Saint-Pierre-de-Lamps;54;1;55
36183;Sainte-Cécile;91;0;91
36229;Varennes-sur-Fouzon;678;9;687
36244;Villentrois;586;4;590
36245;Villers-les-Ormes;451;10;461
37021;Beaumont-la-Ronce;1256;16;1272
37102;Essards;165;0;165
37120;Ingrandes-de-Touraine;555;9;564
37135;Louestault;428;2;430
37209;Saint-Bauld;194;3;197
37227;Saint-Michel-sur-Loire;690;7;697
37232;Saint-Patrice;681;6;687
38001;Abrets;3470;47;3517
38014;Arandon;638;5;643
38016;Arzay;229;3;232
38021;Autrans;1543;42;1585
38022;Avenières;5619;104;5723
38024;Badinières;681;12;693
38025;Balbins;440;17;457
38028;Bâtie-Divisin;923;19;942
38073;Chantelouve;80;1;81
38121;Commelle;943;25;968
38125;Cordéac;191;5;196
38145;Dionay;114;4;118
38152;Eclose;753;16;769
38163;Ferrière;230;5;235
38165;Fitilieu;1918;38;1956
38225;Méaudre;1457;74;1531
38227;Mépieu;564;5;569
38253;Mont-de-Lans;1141;17;1158
38262;Morêtel-de-Mailles;475;4;479
38274;Nantoin;481;9;490
38284;Ornacieux;404;9;413
38292;Paladru;1234;31;1265
38293;Panissage;446;9;455
38297;Passins;1171;26;1197
38302;Périer;123;2;125
38305;Pin;1251;28;1279
38306;Pinsot;168;6;174
38367;Saint-Bernard;624;22;646
38395;Saint-Hilaire;1326;42;1368
38435;Saint-Pancrasse;484;10;494
38456;Saint-Sébastien;258;7;265
38479;Semons;362;15;377
38534;Vénosc;767;19;786
38541;Veyrins-Thuellin;2120;53;2173
38560;Virieu;1093;10;1103
39005;Abergement-Saint-Jean;85;0;85
39012;Antorpe;797;14;811
39018;Aromas;566;18;584
39023;Aubépin;149;9;158
39036;Balme-d'Épy;54;1;55
39043;Beaufort;1124;13;1137
39044;Beauvoisin;202;7;209
39064;Bonnaud;51;1;52
39069;Bourcia;119;1;120
39075;Bréry;225;4;229
39113;Chassal;432;15;447
39115;Château-des-Prés;206;2;208
39135;Chazelles;144;2;146
39158;Coisia;201;4;205
39161;Communailles-en-Montagne;54;4;58
39177;Crançot;592;13;605
39186;Cuttura;324;11;335
39190;Dampierre;1153;26;1179
39195;Dessia;66;4;70
39213;Esserval-Combe;25;0;25
39215;Essia;73;0;73
39226;Florentia;23;0;23
39243;Froideville;64;0;64
39256;Goux;315;1;316
39258;Grande-Rivière;422;17;439
39260;Granges-sur-Baume;128;4;132
39264;Grusse;187;7;194
39273;Lains;80;2;82
39286;Lavans-lès-Saint-Claude;1829;81;1910
39294;Lézat;188;7;195
39303;Louvenne;120;3;123
39309;Mallerey;72;0;72
39329;Mièges;113;3;116
39332;Mirebel;231;8;239
39339;Molinges;699;13;712
39340;Molpré;28;0;28
39341;Molunes;136;4;140
39347;Montagna-le-Templier;100;1;101
39358;Montmalin;89;3;92
39368;Morez;4848;259;5107
39369;Morval;30;0;30
39371;Mouille;314;7;321
39378;Nanc-lès-Saint-Amour;323;8;331
39382;Nantey;62;3;65
39383;Nenon;115;2;117
39395;Orbagna;227;3;230
39414;Petit-Mercey;125;1;126
39417;Piards;173;2;175
39438;Ponthoux;69;3;72
39440;Pratz;539;23;562
39442;Prénovel;274;7;281
39482;Saint-Germain-lès-Arlay;456;8;464
39484;Saint-Jean-d'Étreux;158;0;158
39485;Saint-Julien;432;7;439
39488;Saint-Laurent-la-Roche;332;7;339
39491;Saint-Lupicin;2073;60;2133
39509;Senaud;54;2;56
39510;Septmoncel;693;20;713
39530;Thoirette;667;21;688
39537;Trenal;387;11;398
39209;Val d'Épy;150;1;151
39542;Valfin-sur-Valouse;73;8;81
39544;Varessia;33;2;35
39549;Vercia;304;11;315
39562;Villard-sur-Bienne;180;9;189
39564;Villechantria;116;6;122
39566;Villeneuve-lès-Charnod;86;0;86
39576;Vincelles;370;10;380
39578;Viremont;30;1;31
40009;Arjuzanx;214;5;219
40048;Boos;466;6;472
40107;Garrosse;287;3;290
40243;Rion-des-Landes;2520;37;2557
40302;Sindères;185;6;191
41005;Arville;100;1;101
41011;Baigneaux;46;1;47
41015;Beauvilliers;61;0;61
41021;Bosse;124;2;126
41023;Bourré;654;10;664
41033;Chambon-sur-Cisse;659;36;695
41055;Chouzy-sur-Cisse;2016;43;2059
41056;Colombe;203;3;206
41059;Contres;3737;65;3802
41064;Coulanges;311;14;325
41070;Couture-sur-Loir;412;8;420
41076;Écoman;129;1;130
41082;Feings;714;10;724
41092;Fougères-sur-Bièvre;815;36;851
41133;Membrolles;269;3;272
41142;Molineuf;760;28;788
41151;Montrichard;3156;41;3197
41165;Oigny;86;2;88
41167;Onzain;3296;106;3402
41169;Orchaise;979;29;1008
41170;Ouchamps;719;24;743
41171;Oucques;1515;26;1541
41173;Ouzouer-le-Marché;2040;44;2084
41183;Prénouvellon;257;4;261
41197;Saint-Agil;278;3;281
41202;Saint-Avit;98;4;102
41227;Saint-Quentin-lès-Troo;228;5;233
41210;Sainte-Gemmes;102;0;102
41240;Seillac;111;1;112
41244;Semerville;100;3;103
41248;Souday;503;5;508
41257;Thenay;881;13;894
41263;Tréhet;111;0;111
41264;Tripleville;174;3;177
41270;Verdes;441;7;448
41272;Veuves;207;2;209
42004;Amions;298;2;300
42039;Chalmazel;356;1;357
42080;Cula;949;16;965
42082;Dancé;171;2;173
42114;Jeansagnière;95;3;98
42190;Rochetaillée;619;10;629
42245;Saint-Julien-la-Vêtre;359;3;362
42250;Saint-Just-sur-Loire;6890;114;7004
42268;Saint-Paul-de-Vézelin;320;5;325
42291;Saint-Thurin;191;2;193
43081;Croisances;30;0;30
43176;Saint-Didier-d'Allier;43;0;43
43245;Thoras;199;8;207
43255;Vazeilles-près-Saugues;34;1;35
44004;Anetz;2066;52;2118
44005;Arthon-en-Retz;4170;69;4239
44008;Barbechat;1397;27;1424
44011;Belligné;1759;31;1790
44017;Bonnœuvre;558;15;573
44021;Bourgneuf-en-Retz;3622;39;3661
44029;Chapelle-Basse-Mer;5447;72;5519
44034;Chapelle-Saint-Sauveur;819;9;828
44040;Chéméré;2589;40;2629
44059;Fresnay-en-Retz;1307;14;1321
44087;Machecoul;6268;218;6486
44093;Maumusson;1058;25;1083
44147;Rouxière;1174;12;1186
44163;Saint-Herblon;2605;49;2654
44180;Saint-Mars-la-Jaille;2397;40;2437
44181;Saint-Même-le-Tenu;1205;25;1230
44191;Saint-Sulpice-des-Landes;670;13;683
44213;Varades;3770;85;3855
44219;Vritz;767;7;774
45003;Allainville-en-Beauce;144;1;145
45007;Arrabloy;447;13;460
45048;Bouzonville-en-Beauce;277;5;282
45051;Bray-en-Val;1453;28;1481
45090;Chemault;289;10;299
45106;Coudray;414;11;425
45129;Douchy;918;16;934
45140;Faronville;118;2;120
45163;Guignonville;278;4;282
45172;Izy;296;4;300
45057;Labrosse;101;1;102
45190;Mainvilliers;267;2;269
45191;Malesherbes;6047;118;6165
45192;Manchecourt;725;17;742
45211;Montcorbon;467;10;477
45221;Nangeville;119;3;122
45236;Orveau-Bellesauve;528;10;538
45267;Saint-Aignan-des-Gués;293;6;299
45295;Saint-Péravy-Épreux;169;6;175
45304;Sébouville;209;8;217
45318;Teillay-le-Gaudin;145;2;147
45319;Teillay-Saint-Benoît;86;1;87
45349;Yèvre-le-Châtel;211;6;217
46014;Bagat-en-Quercy;193;7;200
46019;Beaumat;78;1;79
46025;Belmontet;153;2;155
46033;Boulvé;191;5;196
46048;Calviac;150;1;151
46063;Castelnau-Montratier;1772;40;1812
46067;Cazillac;424;16;440
46071;Comiac;214;5;219
46077;Cours;280;6;286
46083;Cressensac;631;15;646
46099;Fargues;153;2;155
46103;Flaugnac;408;12;420
46110;Fontanes-du-Causse;69;2;71
46138;Labastide-Murat;648;17;665
46141;Lacam-d'Ourcet;107;5;112
46150;Lamativie;56;1;57
46156;Laroque-des-Arcs;504;11;515
46158;Lascabanes;202;3;205
46166;Lebreil;174;7;181
46201;Montcuq;1200;41;1241
46232;Quatre-Routes-du-Lot;590;9;599
46252;Saint-Cernin;203;5;208
46262;Saint-Cyprien;259;8;267
46263;Saint-Daunès;217;3;220
46268;Saint-Géry;446;8;454
46274;Saint-Laurent-Lolmie;181;4;185
46275;Saint-Martin-de-Vers;107;3;110
46278;Saint-Matré;136;2;138
46285;Saint-Pantaléon;270;7;277
46287;Saint-Paul-de-Loubressac;589;15;604
46291;Saint-Sauveur-la-Vallée;57;0;57
46248;Sainte-Alauzie;108;1;109
46261;Sainte-Croix;65;4;69
46298;Sarrazac;505;8;513
46300;Saux;96;1;97
46311;Sousceyrac;824;11;835
46325;Vaillac;102;0;102
46326;Valprionde;114;1;115
46327;Valroufié;446;7;453
46331;Vers;417;10;427
47116;Gueyze;138;3;141
47149;Lisse;203;8;211
47166;Meylan;52;0;52
47268;Saint-Pierre-de-Caubel;190;1;191
47322;Villeneuve-de-Mézin;74;0;74
48009;Aumont-Aubrac;1034;18;1052
48011;Auxillac;300;2;302
48014;Bagnols-les-Bains;214;2;216
48022;Bédouès;281;10;291
48023;Belvezet;81;4;85
48027;Bleymard;380;30;410
48035;Capelle;95;6;101
48038;Chambon-le-Château;291;4;295
48040;Chasseradès;141;6;147
48047;Chaze-de-Peyre;296;6;302
48049;Chirac;1043;18;1061
48050;Cocurès;190;4;194
48057;Estables;165;1;166
48060;Fau-de-Peyre;188;2;190
48061;Florac;1896;36;1932
48062;Fontanes;157;8;165
48066;Fraissinet-de-Lozère;198;10;208
48076;Javols;334;44;378
48078;Lachamp;171;4;175
48084;Laval-Atger;155;1;156
48087;Malbouzon;127;4;131
48093;Mas-d'Orcières;94;2;96
48094;Massegros;417;8;425
48099;Monastier-Pin-Moriès;1094;31;1125
48101;Montbrun;84;3;87
48102;Montjézieu;133;5;138
48105;Naussac;199;10;209
48116;Pont-de-Montvert;327;11;338
48120;Prinsuéjols;153;6;159
48122;Quézac;342;7;349
48125;Recoux;134;3;137
48126;Ribennes;173;6;179
48127;Rieutort-de-Randon;774;12;786
48133;Saint-Amans;151;2;153
48134;Saint-Andéol-de-Clerguemort;83;3;86
48139;Saint-Bonnet-de-Montauroux;98;1;99
48152;Saint-Frézal-de-Ventalon;154;3;157
48154;Saint-Georges-de-Lévéjac;274;8;282
48162;Saint-Julien-d'Arpaon;91;1;92
48164;Saint-Julien-du-Tournel;131;4;135
48166;Saint-Laurent-de-Trèves;193;10;203
48172;Saint-Maurice-de-Ventalon;59;3;62
48180;Saint-Rome-de-Dolan;62;6;68
48183;Saint-Sauveur-de-Peyre;245;5;250
48184;Saint-Symphorien;235;3;238
48142;Sainte-Colombe-de-Peyre;190;6;196
48146;Sainte-Enimie;527;21;548
48186;Salle-Prunet;179;6;185
48189;Servières;176;5;181
48195;Vignes;104;2;106
48196;Villard;81;0;81
48197;Villedieu;35;0;35
49001;Alleuds;904;10;914
49003;Ambillou-Château;921;28;949
49004;Andard;2468;62;2530
49005;Andigné;412;6;418
49006;Andrezé;1923;45;1968
49013;Auverse;424;11;435
49014;Aviré;497;11;508
49016;Bagneux;4308;74;4382
49018;Baugé;3782;70;3852
49019;Bauné;1733;35;1768
49021;Beaufort-en-Vallée;6703;98;6801
49023;Beaupréau;7220;376;7596
49024;Beausse;394;10;404
49025;Beauvau;293;2;295
49029;Blaison-Gohier;1056;23;1079
49031;Bocé;680;17;697
49032;Bohalle;1312;27;1339
49033;Boissière-sur-Èvre;423;5;428
49034;Botz-en-Mauges;833;12;845
49037;Bourg-d'Iré;902;19;921
49039;Bourgneuf-en-Mauges;668;28;696
49040;Bouzillé;1493;25;1518
49042;Brain-sur-l'Authion;3488;356;3844
49043;Brain-sur-Longuenée;943;14;957
49044;Breil;256;12;268
49046;Brézé;1234;29;1263
49047;Brigné;486;7;493
49049;Brion;1205;27;1232
49050;Brissac-Quincé;3095;99;3194
49051;Brissarthe;627;11;638
49052;Broc;329;9;338
49059;Cerqueux-sous-Passavant;515;11;526
49060;Chacé;1413;33;1446
49062;Chalonnes-sous-le-Lude;118;1;119
49066;Champ-sur-Layon;950;17;967
49065;Champigné;2194;90;2284
49067;Champteussé-sur-Baconne;218;5;223
49069;Champtoceaux;2504;36;2540
49071;Chanzeaux;1173;19;1192
49072;Chapelle-du-Genêt;1236;19;1255
49073;Chapelle-Hullin;136;2;138
49074;Chapelle-Rousselin;792;14;806
49075;Chapelle-Saint-Florent;1402;15;1417
49077;Chapelle-sur-Oudon;609;23;632
49078;Charcé-Saint-Ellier-sur-Aubance;787;23;810
49079;Chartrené;61;0;61
49080;Châteauneuf-sur-Sarthe;3207;35;3242
49081;Châtelais;657;15;672
49083;Chaudron-en-Mauges;1448;29;1477
49084;Chaumont-d'Anjou;286;4;290
49085;Chaussaire;843;11;854
49086;Chavagnes;1294;26;1320
49087;Chavaignes;86;4;90
49088;Chazé-Henry;788;19;807
49091;Chemellier;795;11;806
49092;Chemillé;7306;233;7539
49093;Chemiré-sur-Sarthe;241;3;244
49094;Chênehutte-Trèves-Cunault;1042;22;1064
49095;Chenillé-Changé;133;1;134
49096;Cherré;560;3;563
49097;Cheviré-le-Rouge;1000;10;1010
49098;Chigné;309;3;312
49101;Clefs;980;19;999
49103;Combrée;2800;58;2858
49104;Concourson-sur-Layon;561;9;570
49105;Contigné;746;11;757
49106;Corné;2980;54;3034
49108;Cornuaille;1006;11;1017
49111;Cossé-d'Anjou;424;14;438
49115;Coutures;520;17;537
49116;Cuon;575;8;583
49117;Daguenière;1245;16;1261
49118;Dampierre-sur-Loire;317;4;321
49119;Daumeray;1537;26;1563
49122;Dénezé-sous-le-Lude;302;9;311
49125;Doué-la-Fontaine;7552;206;7758
49126;Drain;2182;33;2215
49128;Échemiré;587;12;599
49133;Faveraye-Mâchelles;647;11;658
49134;Faye-d'Anjou;1394;30;1424
49136;Ferrière-de-Flée;356;5;361
49137;Fief-Sauvin;1658;37;1695
49138;Fontaine-Guérin;991;22;1013
49139;Fontaine-Milon;633;12;645
49141;Forges;397;8;405
49142;Fosse-de-Tigné;239;3;242
49143;Fougeré;771;20;791
49144;Freigné;1106;20;1126
49382;Fresne-sur-Loire;887;23;910
49145;Fuilet;1947;36;1983
49147;Gée;523;59;582
49148;Gené;496;9;505
49149;Gennes;2401;29;2430
49150;Genneteil;303;3;306
49151;Gesté;2711;31;2742
49154;Grézillé;646;8;654
49156;Grugé-l'Hôpital;275;5;280
49157;Guédeniau;366;6;372
49158;Hôtellerie-de-Flée;518;5;523
49159;Huillé;557;8;565
49162;Jallais;3376;118;3494
49163;Jarzé;1836;15;1851
49165;Jubaudière;1307;37;1344
49167;Juigné-sur-Loire;2698;67;2765
49168;Jumelles;1098;15;1113
49169;Jumellière;1411;29;1440
49172;Landemont;1857;24;1881
49173;Lasse;272;4;276
49174;Lézigné;765;10;775
49175;Linières-Bouton;97;2;99
49177;Liré;2538;75;2613
49179;Longeron;2151;125;2276
49181;Louerre;483;7;490
49183;Louroux-Béconnais;3217;37;3254
49184;Louvaines;489;15;504
49185;Lué-en-Baugeois;327;7;334
49186;Luigné;265;3;268
49187;Marans;576;11;587
49189;Marigné;691;24;715
49190;Marillais;1156;10;1166
49191;Martigné-Briand;1955;48;2003
49194;Mazé;5166;89;5255
49196;Meignanne;2268;100;2368
49198;Meigné;290;9;299
49197;Meigné-le-Vicomte;331;4;335
49199;Melay;1624;99;1723
49200;Membrolle-sur-Longuenée;2043;28;2071
49202;Méon;225;2;227
49204;Mesnil-en-Vallée;1447;34;1481
49206;Montfaucon-Montigné;2325;46;2371
49207;Montfort;106;3;109
49208;Montguillon;241;3;244
49212;Montjean-sur-Loire;3105;67;3172
49213;Montpollin;243;3;246
49218;Montrevault;1214;20;1234
49225;Neuvy-en-Mauges;834;11;845
49226;Noëllet;416;9;425
49227;Notre-Dame-d'Allençon;718;9;727
49228;Noyant;1754;94;1848
49229;Noyant-la-Gravoyère;1849;29;1878
49230;Noyant-la-Plaine;368;3;371
49232;Nueil-sur-Layon;1337;25;1362
49233;Nyoiseau;1188;248;1436
49234;Parçay-les-Pins;827;12;839
49238;Pellouailles-les-Vignes;2459;37;2496
49239;Pin-en-Mauges;1378;24;1402
49242;Plessis-Macé;1299;26;1325
49243;Poitevinière;1071;17;1088
49244;Pommeraye;4111;118;4229
49245;Pontigné;233;3;236
49248;Pouancé;3282;133;3415
49249;Pouëze;1996;28;2024
49250;Prévière;240;7;247
49251;Pruillé;721;14;735
49252;Puiset-Doré;1190;19;1209
49254;Querré;324;9;333
49256;Rablay-sur-Layon;782;16;798
49258;Renaudière;1076;26;1102
49261;Rosiers-sur-Loire;2309;42;2351
49263;Roussay;1252;24;1276
49264;Saint-André-de-la-Marche;2890;67;2957
49265;Saint-Aubin-de-Luigné;1252;24;1276
49270;Saint-Christophe-la-Couperie;807;8;815
49273;Saint-Crespin-sur-Moine;1565;26;1591
49274;Saint-Cyr-en-Bourg;873;19;892
49276;Saint-Florent-le-Vieil;2862;77;2939
49281;Saint-Georges-des-Gardes;1539;38;1577
49279;Saint-Georges-des-Sept-Voies;720;14;734
49280;Saint-Georges-du-Bois;457;7;464
49282;Saint-Georges-sur-Layon;754;20;774
49285;Saint-Germain-sur-Moine;3001;39;3040
49286;Saint-Hilaire-du-Bois;1383;30;1413
49287;Saint-Hilaire-Saint-Florent;4058;172;4230
49289;Saint-Jean-de-Linières;1826;32;1858
49290;Saint-Jean-des-Mauvrets;1810;54;1864
49293;Saint-Lambert-des-Levées;3246;100;3346
49292;Saint-Lambert-du-Lattay;2150;27;2177
49295;Saint-Laurent-de-la-Plaine;1582;46;1628
49296;Saint-Laurent-des-Autels;2256;28;2284
49297;Saint-Laurent-du-Mottay;724;29;753
49298;Saint-Léger-des-Bois;1771;30;1801
49300;Saint-Lézin;802;12;814
49301;Saint-Macaire-en-Mauges;7063;156;7219
49303;Saint-Martin-d'Arcé;773;32;805
49304;Saint-Martin-de-la-Place;1154;33;1187
49305;Saint-Martin-du-Bois;1008;18;1026
49307;Saint-Mathurin-sur-Loire;2476;42;2518
49309;Saint-Michel-et-Chanveaux;399;6;405
49312;Saint-Philbert-en-Mauges;416;6;422
49313;Saint-Pierre-Montlimart;3300;78;3378
49314;Saint-Quentin-en-Mauges;1068;15;1083
49315;Saint-Quentin-lès-Beaurepaire;299;4;303
49316;Saint-Rémy-en-Mauges;1419;25;1444
49317;Saint-Rémy-la-Varenne;971;23;994
49318;Saint-Saturnin-sur-Loire;1359;38;1397
49319;Saint-Sauveur-de-Flée;322;4;326
49320;Saint-Sauveur-de-Landemont;1024;20;1044
49322;Saint-Sulpice;194;6;200
49323;Saint-Sylvain-d'Anjou;4694;255;4949
49268;Sainte-Christine;853;11;864
49277;Sainte-Gemmes-d'Andigné;1472;35;1507
49325;Salle-de-Vihiers;1017;51;1068
49324;Salle-et-Chapelle-Aubry;1349;31;1380
49327;Saulgé-l'Hôpital;620;10;630
49331;Segré;6878;385;7263
49337;Soucelles;2570;40;2610
49335;Sœurdres;410;5;415
49342;Tancoigné;337;5;342
49345;Thouarcé;1957;39;1996
49346;Thoureil;452;17;469
49348;Tigné;770;16;786
49349;Tillières;1867;22;1889
49350;Torfou;2224;38;2262
49351;Tourlandry;1433;29;1462
49354;Tremblay;370;8;378
49356;Trémont;372;5;377
49153;Valanjou;2184;30;2214
49360;Varenne;1752;16;1768
49363;Vauchrétien;1491;44;1535
49380;Vaulandry;311;5;316
49365;Verchers-sur-Layon;859;11;870
49366;Vergonnes;292;4;296
49367;Vern-d'Anjou;2311;32;2343
49372;Vieil-Baugé;1231;41;1272
49373;Vihiers;2255;65;2320
49375;Villedieu-la-Blouère;2590;39;2629
49376;Villemoisan;669;12;681
49377;Villevêque;2990;50;3040
49379;Voide;672;26;698
50001;Acqueville;657;26;683
50005;Amfreville;287;4;291
50007;Ancteville;237;1;238
50009;Angey;287;7;294
50010;Angoville-au-Plain;101;2;103
50012;Angoville-sur-Ay;236;8;244
50014;Anneville-sur-Mer;240;5;245
50018;Argouges;507;2;509
50020;Auderville;235;6;241
50035;Baudreville;76;1;77
50037;Bazoge;143;3;146
50041;Beaumont-Hague;1436;21;1457
50043;Bellefontaine;126;5;131
50047;Beslière;158;5;163
50051;Beuzeville-au-Plain;47;1;48
50053;Biards;405;7;412
50056;Bion;372;8;380
50057;Biville;530;13;543
50061;Boisroger;249;3;252
50063;Bolleville;365;6;371
50067;Boulouze;71;2;73
50073;Branville-Hague;157;9;166
50075;Brectouville;166;2;168
50080;Brévands;302;9;311
50082;Bricquebec;4047;107;4154
50089;Brucheville;141;5;146
50090;Buais;497;5;502
50095;Canisy;1060;34;1094
50099;Carentan;5864;92;5956
50100;Carnet;502;10;512
50103;Carquebut;310;7;317
50107;Catz;121;7;128
50113;Chalandrey;300;8;308
50116;Champcey;235;5;240
50119;Champs-de-Losque;196;4;200
50123;Chapelle-en-Juger;662;14;676
50125;Chasseguey;100;1;101
50127;Chef-du-Pont;667;4;671
50128;Chefresne;303;5;308
50129;Cherbourg-Octeville;35493;1150;36643
50131;Chérencé-le-Roussel;308;5;313
50132;Chéris;255;9;264
50133;Chèvreville;216;6;222
50134;Chevry;112;0;112
50136;Coigny;166;4;170
50139;Condé-sur-Vire;3320;145;3465
50140;Contrières;372;9;381
50142;Cosqueville;588;7;595
50153;Cretteville;205;3;208
50154;Croix-Avranchin;445;13;458
50160;Denneville;568;11;579
50163;Digulleville;259;3;262
50168;Ducey;2531;52;2583
50170;Écoquenéauville;78;6;84
50171;Éculleville;31;0;31
50173;Équeurdreville-Hainneville;16615;531;17146
50179;Ferrières;50;0;50
50180;Fervaches;395;6;401
50187;Flottemanville-Hague;1005;25;1030
50189;Fontenay;323;7;330
50191;Foucarville;124;0;124
50197;Gavray;1431;17;1448
50201;Gerville-la-Forêt;91;1;92
50202;Giéville;671;12;683
50203;Glacerie;6142;148;6290
50204;Glatigny;143;4;147
50209;Gonneville;891;20;911
50211;Gouberville;120;1;121
50212;Gourbesville;169;6;175
50213;Gourfaleur;455;12;467
50215;Gouville-sur-Mer;2020;62;2082
50220;Gréville-Hague;703;23;726
50223;Guéhébert;127;0;127
50224;Guilberville;1211;15;1226
50236;Haye-du-Puits;1475;68;1543
50239;Hébécrevon;1138;30;1168
50244;Hérenguerville;203;6;209
50242;Herqueville;153;3;156
50245;Heussé;214;5;219
50248;Hommet-d'Arthenay;355;171;526
50249;Houesville;287;8;295
50250;Houtteville;74;0;74
50254;Husson;171;6;177
50255;Hyenville;348;10;358
50257;Jobourg;520;10;530
50260;Juvigny-le-Tertre;582;12;594
50267;Lessay;2009;31;2040
50273;Lithaire;574;8;582
50280;Lozon;299;4;303
50284;Macey;108;0;108
50286;Mancellière;292;6;298
50287;Mancellière-sur-Vire;515;14;529
50292;Marigny;2346;54;2400
50293;Martigny;281;7;288
50301;Mesnil-Amand;166;5;171
50306;Mesnil-Bœufs;191;4;195
50309;Mesnil-Drey;225;4;229
50313;Mesnil-Herman;136;1;137
50316;Mesnil-Opac;253;12;265
50318;Mesnil-Rainfray;204;5;209
50319;Mesnil-Raoult;368;15;383
50320;Mesnil-Rogues;149;3;152
50322;Mesnil-Thébault;276;7;283
50323;Mesnil-Tôve;237;1;238
50325;Mesnil-Vigot;212;4;216
50308;Mesnilbus;339;2;341
50329;Milly;332;9;341
50330;Mobecq;240;7;247
50333;Moitiers-en-Bauptois;318;5;323
50337;Montanel;342;3;345
50339;Montchaton;303;11;314
50343;Montgardon;474;7;481
50344;Montgothier;239;6;245
50346;Montigny;243;7;250
50348;Montmartin-en-Graignes;602;8;610
50354;Montsurvent;464;11;475
50355;Montviron;340;4;344
50358;Morsalines;204;2;206
50359;Mortain;1531;221;1752
50363;Moyon;1113;25;1138
50367;Naftel;191;4;195
50375;Néville-sur-Mer;193;3;196
50377;Noirpalu;103;1;104
50380;Notre-Dame-d'Elle;176;3;179
50381;Notre-Dame-du-Touchet;628;26;654
50385;Omonville-la-Petite;127;7;134
50386;Omonville-la-Rogue;492;17;509
50388;Orval;847;29;876
50391;Parigny;1853;66;1919
50393;Percy;2280;100;2380
50396;Perques;203;5;208
50400;Picauville;1910;13;1923
50404;Placy-Montaigu;237;2;239
50409;Pont-Hébert;1632;39;1671
50410;Pontorson;3849;73;3922
50412;Portbail;1516;42;1558
50414;Précorbin;511;7;518
50415;Prétot-Sainte-Suzanne;298;3;301
50416;Querqueville;5046;119;5165
50417;Quettehou;1583;24;1607
50418;Quettetot;706;18;724
50419;Quettreville-sur-Sienne;1485;24;1509
50424;Rancoudray;123;1;124
50427;Ravenoville;254;5;259
50431;Remilly-sur-Lozon;695;5;700
50432;Réthoville;132;2;134
50434;Rochelle-Normande;350;11;361
50436;Romagny;995;37;1032
50438;Ronde-Haye;353;10;363
50439;Ronthon;239;2;241
50440;Rouffigny;316;4;320
50441;Rouxeville;378;10;388
50444;Saint-Amand;2292;56;2348
50449;Saint-Aubin-du-Perron;251;1;252
50458;Saint-Côme-du-Mont;503;10;513
50465;Saint-Ébremond-de-Bonfossé;736;22;758
50470;Saint-Georges-de-Bohon;411;6;417
50477;Saint-Germain-des-Vaux;316;6;322
50484;Saint-Hilaire-du-Harcouët;3912;323;4235
50485;Saint-Hilaire-Petitville;1357;27;1384
50487;Saint-James;2779;71;2850
50492;Saint-Jean-des-Baisants;1257;32;1289
50494;Saint-Jean-du-Corail;238;6;244
50497;Saint-Jores;369;5;374
50501;Saint-Léger;92;0;92
50503;Saint-Lô-d'Ourville;504;16;520
50515;Saint-Martin-de-Landelles;1125;25;1150
50516;Saint-Martin-des-Champs;2370;91;2461
50520;Saint-Martin-le-Hébert;166;2;168
50524;Saint-Michel-de-la-Pierre;216;6;222
50526;Saint-Michel-des-Loups;629;20;649
50534;Saint-Pellerin;362;5;367
50544;Saint-Rémy-des-Landes;215;2;217
50545;Saint-Romphaire;754;17;771
50546;Saint-Samson-de-Bonfossé;871;21;892
50550;Saint-Sauveur-Lendelin;1727;116;1843
50557;Saint-Symphorien-des-Monts;126;3;129
50558;Saint-Symphorien-le-Valois;819;21;840
50561;Saint-Ursin;180;2;182
50460;Sainte-Croix-Hague;819;18;837
50508;Sainte-Marie-du-Bois;59;5;64
50523;Sainte-Mère-Église;1597;27;1624
50564;Sainteny;884;22;906
50565;Sartilly;1600;29;1629
50573;Servigny;200;3;203
50581;Soulles;482;4;486
50582;Sourdeval;2721;57;2778
50583;Sourdeval-les-Bois;220;3;223
50586;Surville;199;2;201
50591;Teilleul;1189;12;1201
50592;Tessy-sur-Vire;1430;33;1463
50595;Theil;662;25;687
50600;Tonneville;592;23;615
50601;Torigni-sur-Vire;2304;27;2331
50602;Tourlaville;15904;418;16322
50605;Trelly;659;18;677
50608;Troisgots;339;2;341
50611;Urville-Nacqueville;2172;114;2286
50614;Valdécie;145;4;149
50620;Vasteville;1111;31;1142
50622;Vaudrimesnil;465;11;476
50623;Vauville;319;9;328
50625;Vengeons;452;6;458
50627;Vergoncey;190;10;200
50630;Vessey;385;5;390
50631;Veys;443;10;453
50632;Vezins;289;9;298
50635;Vidouville;138;2;140
50636;Vierville;35;5;40
50638;Villechien;173;5;178
50639;Villedieu-les-Poêles;3562;78;3640
50640;Villiers-le-Pré;189;5;194
50642;Vindefontaine;315;8;323
50644;Virey;1057;25;1082
50646;Vrétot;632;18;650
51021;Aulnay-aux-Planches;88;1;89
51024;Aulnizeux;28;2;30
51030;Ay;3777;57;3834
51064;Bisseuil;638;7;645
51075;Bourgogne;979;23;1002
51171;Cormicy;1434;26;1460
51261;Fresne-lès-Reims;417;9;426
51664;Gernicourt;42;0;42
51271;Gionges;236;75;311
51331;Louvois;342;4;346
51347;Mareuil-sur-Ay;1177;28;1205
51383;Morains;96;1;97
51405;Normée;73;1;74
51411;Oger;516;10;526
51494;Sainte-Livière;269;2;271
51564;Tauxières-Mutry;291;13;304
51575;Toulon-la-Montagne;25;0;25
51612;Vertus;2339;85;2424
51651;Voipreux;234;6;240
52010;Anglus;62;2;64
52018;Argentolles;39;0;39
52020;Arnoncourt-sur-Apance;18;1;19
52032;Avrainville;135;3;138
52036;Balesmes-sur-Marne;239;7;246
52041;Beaucharmoy;45;0;45
52049;Biernes;42;2;44
52052;Blaise;81;3;84
52054;Blancheville;103;1;104
52064;Bourmont;467;22;489
52068;Braucourt;176;3;179
52071;Bressoncourt;3;2;5
52073;Breuil-sur-Marne;109;1;110
52077;Broncourt;59;1;60
52078;Brottes;771;393;1164
52080;Brouthières;8;0;8
52081;Buchey;22;0;22
52100;Champcourt;57;0;57
52111;Charmoilles;91;4;95
52112;Charmoy;92;2;94
52117;Chatoillenot;116;8;124
52139;Colombey-lès-Choiseul;99;4;103
52140;Colombey-les-Deux-Églises;351;16;367
52143;Corgirnon;310;7;317
52144;Corlée;206;4;210
52150;Courcelles-Val-d'Esnoms;117;0;117
52153;Créancey;187;3;190
52154;Crenay;234;2;236
52166;Dardenay;83;4;87
52176;Donnemarie;63;3;66
52180;Droyes;440;7;447
52186;Épinant;81;1;82
52187;Épizon;146;2;148
52191;Essey-les-Eaux;54;0;54
52192;Essey-les-Ponts;101;0;101
52202;Flornoy;81;3;84
52209;Fresnoy-en-Bassigny;127;3;130
52210;Frettes;114;4;118
52215;Genrupt;61;0;61
52225;Goncourt;254;8;262
52226;Gourzon;495;11;506
52236;Harméville;40;0;40
52238;Harricourt;48;0;48
52239;Heuilley-Cotton;299;7;306
52252;Jorquenay;146;2;148
52259;Laharmand;129;4;133
52261;Lamargelle-aux-Bois;19;0;19
52262;Lamothe-en-Blaisy;59;1;60
52263;Landéville;19;0;19
52268;Laneuville-au-Bois;39;0;39
52270;Lannes;185;0;185
52279;Lavilleneuve-aux-Fresnes;22;0;22
52281;Lécourt;57;1;58
52283;Lénizeul;93;0;93
52293;Longeville-sur-la-Laines;420;12;432
52296;Louze;307;13;320
52299;Maconcourt;43;1;44
52309;Marault;247;7;254
52314;Marmesse;62;0;62
52317;Maulain;64;0;64
52324;Meuvy;78;1;79
52329;Montesson;39;0;39
52331;Montier-en-Der;1963;57;2020
52333;Montlandon;169;0;169
52339;Montsaon;118;5;123
52340;Montsaugeon;88;0;88
52345;Musseau;46;0;46
52351;Nijon;82;0;82
52361;Odival;198;4;202
52368;Ormoy-sur-Aube;55;3;58
52379;Pautaines-Augeville;22;2;24
52381;Percey-le-Pautel;212;6;218
52382;Percey-sous-Montormentier;123;0;123
52389;Pierrefontaines;29;0;29
52404;Pratz;15;0;15
52405;Prauthoy;479;8;487
52408;Prez-sur-Marne;222;5;227
52409;Provenchères-sur-Marne;61;0;61
52410;Provenchères-sur-Meuse;241;5;246
52411;Puellemontier;204;21;225
52412;Puits-des-Mèzes;200;7;207
52417;Ravennefontaines;69;2;71
52418;Récourt;64;0;64
52427;Robert-Magny;315;8;323
52434;Roôcourt-la-Côte;219;6;225
52435;Rosoy-sur-Amance;192;2;194
52441;Rozières;69;1;70
52451;Saint-Martin-sur-la-Renne;86;1;87
52449;Saints-Geosmes;890;26;916
52460;Sarcicourt;185;3;188
52462;Saucourt-sur-Rognon;147;0;147
52466;Sauvage-Magny;52;0;52
52477;Sommermont;57;1;58
52478;Sommeville;282;4;286
52481;Soulaincourt;27;0;27
52496;Troischamps;65;0;65
52498;Tronchoy;59;2;61
52501;Valdelancourt;94;4;98
52508;Vaux-la-Douce;26;0;26
52509;Vaux-sous-Aubigny;698;18;716
52521;Vieux-Moulins;76;1;77
52527;Villars-Saint-Marcellin;108;1;109
52529;Villegusien-le-Lac;703;10;713
52530;Villemervry;26;0;26
52531;Villemoron;45;1;46
52532;Villiers-aux-Bois;115;1;116
52533;Villiers-aux-Chênes;59;1;60
52537;Villiers-sur-Marne;101;2;103
53004;Ampoigné;570;10;580
53006;Argenton-Notre-Dame;207;8;215
53014;Azé;3419;235;3654
53017;Ballée;677;25;702
53029;Bierné;682;10;692
53032;Blandouet;188;5;193
53044;Brétignolles-le-Moulin;60;0;60
53050;Chammes;349;7;356
53060;Chapelles;153;3;156
53062;Château-Gontier;11687;360;12047
53065;Châtres-la-Forêt;781;19;800
53092;Deux-Évailles;197;5;202
53095;Épineux-le-Seguin;252;3;255
53097;Évron;7124;198;7322
53104;Gennes-sur-Glaize;997;17;1014
53124;Laigné;851;35;886
53136;Loigné-sur-Mayenne;928;30;958
53137;Loiron;1693;31;1724
53138;Longuefuye;330;7;337
53159;Montourtier;370;5;375
53161;Montsûrs;1996;42;2038
53185;Pré-en-Pail;1903;70;1973
53194;Ruillé-le-Gravelais;974;30;1004
53205;Saint-Céneré;481;8;489
53207;Saint-Christophe-du-Luat;766;15;781
53215;Saint-Fort;1670;53;1723
53228;Saint-Jean-sur-Erve;417;14;431
53231;Saint-Laurent-des-Mortiers;179;2;181
53241;Saint-Michel-de-Feins;181;8;189
53244;Saint-Ouën-des-Vallons;183;1;184
53252;Saint-Samson;428;8;436
53254;Saint-Sulpice;239;8;247
53255;Sainte-Suzanne;931;24;955
54099;Briey;5729;202;5931
54341;Mance;619;14;633
54342;Mancieulles;1880;29;1909
54506;Sexey-les-Bois;378;6;384
54557;Velaine-en-Haye;1879;96;1975
55003;Ailly-sur-Meuse;89;1;90
55006;Amblaincourt;15;0;15
55016;Aulnois-sous-Vertuzey;239;4;243
55019;Auzécourt;92;4;96
55020;Auzéville-en-Argonne;191;5;196
55030;Baudignécourt;64;0;64
55052;Billy-sous-les-Côtes;119;3;122
55056;Blercourt;143;1;144
55074;Brasseitte;69;1;70
55086;Bulainville;44;2;46
55090;Bussy-la-Côte;243;14;257
55092;Buxerulles;85;1;86
55098;Champlon;30;6;36
55112;Chennevières;28;0;28
55126;Corniéville;178;6;184
55131;Cousances-au-Bois;62;0;62
55136;Creuë;220;3;223
55151;Deuxnouds-aux-Bois;46;1;47
55152;Deuxnouds-devant-Beauzée;52;2;54
55161;Domremy-aux-Bois;61;2;63
55164;Douaumont;7;0;7
55176;Érize-la-Grande;89;1;90
55190;Fleury-sur-Aire;87;1;88
55203;Génicourt-sous-Condé;41;4;45
55205;Gérauvilliers;63;4;67
55213;Gironville-sous-les-Côtes;191;6;197
55223;Hadonville-lès-Lachaussée;35;0;35
55230;Haraumont;51;2;53
55231;Hargeville-sur-Chée;131;1;132
55233;Hattonchâtel;100;2;102
55234;Hattonville;189;3;192
55235;Haucourt-la-Rigole;68;0;68
55238;Haumont-lès-Lachaussée;77;2;79
55240;Hautecourt-lès-Broville;33;2;35
55249;Houdelaucourt-sur-Othain;60;0;60
55259;Jubécourt;73;0;73
55273;Lamarche-en-Woëvre;22;2;24
55283;Lavignéville;58;1;59
55287;Lempire-aux-Bois;56;0;56
55294;Liouville;65;0;65
55305;Louppy-sur-Chée;129;1;130
55308;Loxéville;45;0;45
55309;Luméville-en-Ornois;51;0;51
55314;Malaumont;36;0;36
55318;Marats;112;1;113
55319;Marbotte;67;2;69
55342;Mondrecourt;29;0;29
55390;Oëy;60;2;62
55392;Ollières;14;0;14
55393;Ornel;19;0;19
55402;Parois;78;3;81
55413;Rampont;93;6;99
55417;Raulecourt;110;1;111
55418;Réchicourt;64;2;66
55432;Rignaucourt;25;0;25
55440;Rosières-devant-Bar;254;3;257
55441;Rosières-en-Blois;34;1;35
55451;Saint-Agnant-sous-les-Côtes;82;2;84
55455;Saint-Benoît-en-Woëvre;41;1;42
55478;Savonnières-en-Woëvre;13;0;13
55480;Senard;63;1;64
55483;Senonville;45;0;45
55486;Seraucourt;12;0;12
55491;Sommaisne;24;1;25
55499;Spada;92;2;94
55513;Tourailles-sous-Bois;31;0;31
55529;Varney;300;13;313
55537;Vaux-devant-Damloup;74;0;74
55538;Vaux-la-Grande;20;2;22
55539;Vaux-la-Petite;20;1;21
55542;Véel;503;13;516
55548;Vertuzey;181;4;185
55550;Viéville-sous-les-Côtes;215;6;221
55558;Ville-Issey;272;2;274
55585;Woinville;79;1;80
56016;Bieuzy;774;12;786
56037;Chapelle-Caro;1415;50;1465
56038;Chapelle-Gaceline;768;18;786
56059;Forges;455;6;461
56061;Gacilly;2313;41;2354
56064;Glénac;894;21;915
56102;Lanouée;1768;46;1814
56138;Monterrein;393;4;397
56142;Moustoir-Remungol;700;18;718
56144;Naizin;1804;28;1832
56150;Noyalo;787;26;813
56183;Quelneuc;528;9;537
56187;Quily;352;6;358
56192;Remungol;978;18;996
56197;Roc-Saint-André;938;19;957
57021;Ancy-sur-Moselle;1388;30;1418
57023;Angviller-lès-Bisping;91;1;92
57135;Chémery;110;3;113
57148;Colligny;395;7;402
57157;Coutures;214;3;217
57184;Dornot;172;3;175
57279;Guirlange;32;0;32
57285;Halling-lès-Boulay;131;1;132
57378;Landonvillers;400;5;405
57420;Loutremange;21;0;21
57432;Maizery;182;5;187
57439;Manderen;419;10;429
57482;Montoy-Flanville;1223;23;1246
57523;Ogy;501;11;512
57578;Rezonville;317;5;322
57585;Ritzing;167;3;170
57608;Saint-Bernard;63;1;64
57722;Vionville;186;1;187
58022;Balleray;201;4;205
58026;Beaulieu;27;2;29
58091;Cours;1686;25;1711
58100;Dompierre-sur-Héry;80;4;84
58167;Michaugues;52;4;56
58204;Ourouër;342;4;346
59154;Coudekerque-Village;1243;35;1278
59248;Fort-Mardyck;3485;15;3500
59260;Ghyvelde;3196;50;3246
59298;Hellemmes-Lille;18438;148;18586
59355;Lomme;27483;216;27699
59380;Mardyck;304;7;311
59404;Moëres;997;11;1008
59540;Saint-Pol-sur-Mer;20373;142;20515
59561;Selvigny;374;5;379
59588;Téteghem;7098;216;7314
60018;Anserville;467;12;479
60029;Auneuil;2706;57;2763
60038;Bachivillers;523;9;532
60054;Beaumont-les-Nonains;343;6;349
60080;Boissy-le-Bois;196;1;197
60096;Boutavent;113;1;114
60196;Déluge;559;4;563
60209;Énencourt-le-Sec;188;6;194
60245;Formerie;2018;28;2046
60246;Fosseuse;732;8;740
60256;Fresneaux-Montchevreuil;760;17;777
60300;Hardivillers-en-Vexin;145;6;151
60417;Montherlant;160;1;161
60453;Neuville-d'Aumont;320;8;328
60455;Neuville-Garnier;256;3;259
60475;Ognon;158;2;160
60532;Ressons-l'Abbaye;122;2;124
60570;Saint-Crépin-Ibouvillers;1373;33;1406
60644;Trie-Château;1615;18;1633
60649;Troussures;186;5;191
60682;Villers-Saint-Frambourg;556;36;592
60690;Villers-sur-Trie;328;13;341
60694;Villotran;276;9;285
61003;Anceins;191;3;194
61004;Antoigny;127;2;129
61007;Athis-de-l'Orne;2536;62;2598
61009;Aubry-en-Exmes;320;6;326
61016;Autheuil;132;3;135
61019;Avernes-sous-Exmes;80;1;81
61483;Bagnoles-de-l'Orne;2368;43;2411
61025;Baroche-sous-Lucé;388;9;397
61027;Batilly;143;3;146
61031;Beauchêne;251;4;255
61033;Beaulandais;166;3;169
61045;Bivilliers;63;1;64
61047;Bocquencé;140;2;142
61057;Bourg-Saint-Léonard;392;12;404
61058;Bréel;125;0;125
61059;Bresolettes;24;1;25
61065;Bubertré;135;8;143
61073;Carneille;590;10;600
61081;Chailloué;623;16;639
61083;Chambois;425;9;434
61090;Champs;80;3;83
61096;Chapelle-d'Andaine;1463;41;1504
61106;Chênedouit;174;1;175
61109;Clairefougère;126;0;126
61110;Cochère;141;0;141
61112;Colonard-Corubert;249;6;255
61116;Condé-sur-Huisne;1302;21;1323
61115;Condeau;418;5;423
61125;Coulonges-les-Sablons;422;3;425
61127;Courbe;56;4;60
61131;Courménil;121;3;124
61135;Couterne;1086;30;1116
61136;Couvains;197;5;202
61144;Dancé;355;11;366
61145;Domfront;3459;107;3566
61153;Écouché;1325;27;1352
61154;Eperrais;115;2;117
61155;Épinay-le-Comte;169;1;170
61157;Exmes;290;2;292
61161;Fel;250;5;255
61167;Ferté-Frênel;621;5;626
61172;Fontenai-les-Louvets;266;6;272
61173;Fontenai-sur-Orne;238;8;246
61174;Forêt-Auvray;173;4;177
61175;Forges;217;8;225
61177;Frênes;826;24;850
61179;Fresnaye-au-Sauvage;233;4;237
61184;Gauville;601;11;612
61185;Gémages;121;0;121
61186;Geneslay;278;2;280
61191;Glos-la-Ferrière;539;7;546
61194;Goulet;397;6;403
61196;Gué-de-la-Chaîne;763;16;779
61200;Haleine;227;39;266
61201;Haute-Chapelle;586;18;604
61204;Hermitière;213;10;223
61205;Heugon;258;6;264
61211;Juvigny-sous-Andaine;988;28;1016
61220;Lande-sur-Eure;166;3;169
61223;Larchamp;305;3;308
61226;Lignerolles;163;7;170
61228;Livaie;199;4;203
61230;Longny-au-Perche;1392;20;1412
61231;Longuenoë;116;2;118
61235;Loré;177;4;181
61236;Loucé;106;4;110
61239;Lucé;77;3;80
61246;Mâle;710;19;729
61247;Malétable;110;2;112
61249;Marcei;209;14;223
61250;Marchainville;244;2;246
61253;Marmouillé;128;7;135
61270;Ménil-Jean;119;2;121
61280;Monceaux-au-Perche;66;3;69
61282;Monnai;243;3;246
61285;Montgaroult;383;7;390
61292;Montsecret;539;9;548
61294;Mortrée;1036;26;1062
61296;Moulicent;286;3;289
61299;Moussonvilliers;220;7;227
61305;Neuilly-sur-Eure;573;11;584
61306;Neuville-près-Sées;146;3;149
61309;Nocé;745;18;763
61311;Normandel;93;1;94
61313;Notre-Dame-du-Rocher;53;0;53
61315;Omméel;130;4;134
61318;Origny-le-Butin;102;3;105
61320;Orville;106;0;106
61324;Passais;791;8;799
61325;Perrière;252;8;260
61335;Poterie-au-Perche;137;2;139
61337;Préaux-du-Perche;496;25;521
61338;Prépotin;121;3;124
61339;Putanges-Pont-Écrepin;1021;17;1038
61340;Rabodanges;181;3;184
61341;Radon;1042;37;1079
61343;Randonnai;737;8;745
61353;Ronfeugerai;338;8;346
61354;Rotours;117;1;118
61355;Rouellé;198;2;200
61356;Rouge;680;8;688
61359;Saint-Agnan-sur-Erre;176;5;181
61364;Saint-Aubert-sur-Orne;100;2;102
61368;Saint-Aubin-des-Grois;59;0;59
61375;Saint-Christophe-le-Jajolet;241;1;242
61377;Saint-Cornier-des-Landes;606;16;622
61380;Saint-Denis-de-Villenette;146;1;147
61383;Saint-Didier-sous-Écouves;156;3;159
61403;Saint-Hilaire-la-Gérard;139;3;142
61409;Saint-Jean-de-la-Forêt;162;4;166
61410;Saint-Jean-des-Bois;183;0;183
61417;Saint-Loyer-des-Champs;372;14;386
61428;Saint-Maurice-du-Désert;765;18;783
61429;Saint-Maurice-lès-Charencey;484;24;508
61431;Saint-Michel-des-Andaines;325;8;333
61434;Saint-Nicolas-des-Laitiers;84;2;86
61437;Saint-Ouen-de-la-Cour;59;1;60
61441;Saint-Ouen-sur-Maire;102;2;104
61449;Saint-Pierre-la-Rivière;162;2;164
61455;Saint-Siméon;231;6;237
61458;Saint-Victor-de-Réno;171;7;178
61378;Sainte-Croix-sur-Orne;63;0;63
61460;Sap;862;10;872
61463;Sauvagère;1014;16;1030
61465;Ségrie-Fontaine;405;6;411
61468;Sentilly;129;1;130
61469;Sept-Forges;251;7;258
61470;Serans;199;5;204
61471;Sérigny;387;13;400
61474;Silly-en-Gouffern;379;13;392
61477;Survie;168;0;168
61478;Taillebois;150;0;150
61484;Theil;1720;34;1754
61486;Tinchebray;2606;38;2644
61489;Tourailles;59;1;60
61491;Tourouvre;1535;19;1554
61496;Urou-et-Crennes;744;15;759
61504;Villebadin;127;8;135
61506;Villers-en-Ouche;343;5;348
61509;Vingt-Hanaps;444;10;454
61511;Vrigny;377;7;384
61513;Yvrandes;156;6;162
62110;Berguette;1818;17;1835
62226;Clarques;310;5;315
62294;Enguinegatte;447;9;456
62295;Enquin-les-Mines;1169;17;1186
62431;Herbelles;538;17;555
62471;Inghem;532;6;538
62482;Labuissière;3648;40;3688
62575;Molinghem;2902;27;2929
62691;Rebecques;495;8;503
62757;Saint-Martin-au-Laërt;4098;76;4174
62807;Tatinghem;1808;60;1868
63018;Aulhat-Saint-Privat;474;11;485
63068;Cellule;1224;15;1239
63078;Chaméane;162;4;166
63133;Dallet;1490;23;1513
63160;Flat;437;20;457
63226;Mezel;1922;51;1973
63244;Moutade;525;9;534
63255;Nonette;354;11;365
63266;Orsonnette;221;3;224
63316;Saint-Anastaise;61;0;61
63448;Vernet-la-Varenne;646;60;706
64020;Ance;227;8;235
64030;Arance;129;3;132
64055;Arros-d'Oloron;82;0;82
64076;Audéjos;172;6;178
64163;Camou-Mixe-Suhast;205;2;207
64164;Capbis;79;6;85
64169;Cassaber;134;0;134
64225;Féas;385;7;392
64248;Gouze;422;4;426
64278;Ithorots-Olhaïby;45;2;47
64333;Lendresse;79;1;80
64384;Mifaget;114;5;119
64402;Montestrucq;197;6;203
64497;Sainte-Suzanne;1010;19;1029
64553;Viellenave-sur-Bidouze;31;2;33
65008;Anéran-Camors;16;1;17
65027;Armenteule;63;0;63
65092;Beyrède-Jumet;192;2;194
65122;Camous;25;0;25
65188;Gavarnie;115;2;117
65192;Gèdre;230;7;237
65227;Ilhan;10;1;11
65246;Lahitte;29;0;29
65282;Loudenvielle;238;5;243
65365;Pouchergues;49;1;50
67004;Allenwiller;537;13;550
67007;Altenstadt;1186;86;1272
67014;Auenheim;900;9;909
67015;Avenheim;450;4;454
67041;Birkenwald;317;2;319
67042;Birlenbach;349;5;354
67376;Bischtroff-sur-Sarre;319;13;332
67064;Bremmelbach;146;1;147
67114;Eberbach-Wœrth;175;2;177
67153;Geiswiller;225;2;227
67157;Gimbrett;483;10;493
67158;Gingsheim;350;7;357
67170;Griesbach;467;9;476
67171;Griesbach-le-Bastberg;264;5;269
67193;Hermerswiller;276;6;282
67207;Hohatzenheim;233;8;241
67211;Hohwiller;382;4;386
67219;Imbsheim;566;11;577
67224;Irmstett;315;3;318
67243;Kleinfrankenheim;425;9;434
67251;Kuhlendorf;100;1;101
67262;Leiterswiller;387;6;393
67284;Mattstall;146;3;149
67294;Mitschdorf;201;3;204
67297;Mittelhausen;590;8;598
67316;Nehwiller-près-Wœrth;390;5;395
67332;Niederseebach;156;4;160
67372;Pfaffenhoffen;2700;24;2724
67374;Pfettisheim;794;13;807
67390;Reimerswiller;205;2;207
67393;Reitwiller;588;9;597
67399;Riedheim;186;1;187
67402;Ringeldorf;140;0;140
67418;Rountzenheim;1037;20;1057
67419;Rumersheim;435;7;442
67431;Salenthal;216;4;220
67439;Schaffhouse-sur-Zorn;407;3;410
67457;Schwabwiller;520;6;526
67469;Singrist;454;9;463
67495;Truchtersheim;3235;68;3303
67496;Uberach;1167;23;1190
67512;Walck;1089;18;1107
67533;Wilshausen;112;3;115
67539;Wingersheim;1119;21;1140
67549;Wœllenheim;184;3;187
67561;Zollingen;92;2;94
67562;Zutzendorf;647;15;662
67560;Zœbersdorf;183;4;187
68006;Ammertzwiller;475;9;484
68012;Aspach-le-Haut;1464;33;1497
68031;Bernwiller;705;15;720
68056;Brunstatt;6325;166;6491
68070;Didenheim;1687;42;1729
68108;Grentzingen;581;12;593
68133;Henflingen;226;2;228
68143;Holtzwihr;1356;45;1401
68162;Kaysersberg;2489;54;2543
68164;Kientzheim;749;12;761
68201;Masevaux;3368;50;3418
68206;Michelbach;324;9;333
68219;Mortzwiller;360;13;373
68233;Niederbruck;429;13;442
68240;Oberdorf;613;10;623
68272;Riedwihr;426;6;432
68310;Sigolsheim;1285;29;1314
68314;Soppe-le-Haut;554;11;565
68319;Spechbach-le-Bas;688;25;713
68320;Spechbach-le-Haut;646;19;665
69015;Avenas;116;6;122
69019;Belleville;8230;181;8411
69024;Bois-d'Oingt;2503;51;2554
69025;Bourg-de-Thizy;2468;45;2513
69041;Chapelle-de-Mardore;223;4;227
69048;Chassagny;1318;35;1353
69066;Cours-la-Ville;3674;70;3744
69073;Dareizé;545;8;553
69101;Jarnioux;669;12;681
69114;Liergues;2110;56;2166
69128;Mardore;496;5;501
69129;Marnand;596;11;607
69135;Monsols;912;8;920
69144;Nuelles;691;20;711
69146;Oingt;680;23;703
69147;Olmes;815;13;828
69150;Ouroux;342;21;363
69158;Pont-Trambouze;431;7;438
69157;Pontcharra-sur-Turdine;2698;45;2743
69159;Pouilly-le-Monial;974;24;998
69179;Saint-Andéol-le-Château;1835;22;1857
69185;Saint-Christophe;241;3;244
69195;Saint-Didier-sous-Riverie;1262;23;1285
69208;Saint-Germain-sur-l'Arbresle;1574;41;1615
69210;Saint-Jacques-des-Arrêts;109;0;109
69211;Saint-Jean-d'Ardières;4741;88;4829
69213;Saint-Jean-de-Touslas;860;16;876
69222;Saint-Laurent-d'Oingt;854;38;892
69221;Saint-Laurent-de-Vaux;267;12;279
69223;Saint-Loup;1075;27;1102
69224;Saint-Mamert;67;0;67
69228;Saint-Maurice-sur-Dargoire;2346;49;2395
69237;Saint-Sorlin;575;21;596
69247;Thel;344;3;347
69248;Thizy;2248;62;2310
69251;Trades;118;3;121
69255;Vaugneray;5467;96;5563
70033;Aubertans;117;4;121
70034;Aubigney;87;0;87
70068;Betoncourt-les-Ménétriers;52;0;52
70108;Bussurel;721;7;728
70123;Champlitte-la-Ville;68;2;70
70131;Charentenay;106;1;107
70139;Château-Lambert;18;1;19
70173;Corcelles;68;1;69
70191;Cubry-lès-Soing;89;2;91
70209;Échevanne;97;0;97
70223;Étroitefontaine;32;1;33
70241;Fontenis;95;4;99
70245;Fougerolles;3566;125;3691
70246;Fouvent-le-Bas;94;1;95
70281;Greucourt;77;0;77
70300;Leffond;123;1;124
70333;Margilley;107;1;108
70345;Miellin;75;4;79
70346;Mignafans;63;0;63
70354;Montarlot-lès-Champlitte;88;3;91
70370;Montseugny;100;1;101
70382;Neuvelle-lès-Champlitte;111;1;112
70391;Noroy-lès-Jussey;53;0;53
70418;Pont-de-Planches;242;4;246
70434;Quitteur;104;3;107
70458;Saint-Andoche;46;1;47
70465;Saint-Julien;120;0;120
70475;Saint-Valbert;237;3;240
70489;Servance;741;28;769
70497;Tavey;498;7;505
70551;Vezet;192;0;192
70570;Virey;58;0;58
71055;Brandon;307;10;317
71134;Clermain;229;6;235
71138;Clux;115;0;115
71180;Donzy-le-National;222;8;230
71260;Loché;281;3;284
71279;Marizy;422;13;435
71288;Massy;67;1;68
71304;Montagny-sur-Grosne;117;5;122
71375;Rousset;231;7;238
71432;Saint-Jean-le-Priche;419;7;426
71511;Sennecé-lès-Mâcon;1324;35;1359
71578;Villeneuve;209;11;220
71582;Vineuse;284;8;292
71587;Vitry-lès-Cluny;82;1;83
72023;Ballon;1367;18;1385
72025;Bazouges-sur-le-Loir;1249;38;1287
72063;Chapelle-Gaugain;288;5;293
72069;Chassé;177;3;180
72071;Château-du-Loir;4614;208;4822
72080;Cherré;1757;60;1817
72081;Cherreau;941;19;960
72082;Chevain;577;8;585
72097;Coulombiers;475;8;483
72108;Cré-sur-Loir;799;19;818
72116;Dissé-sous-Ballon;137;3;140
72117;Dissé-sous-le-Lude;544;14;558
72128;Évaillé;350;5;355
72138;Fresnay-sur-Sarthe;1943;23;1966
72137;Fresnaye-sur-Chédouet;924;17;941
72159;Lavenay;344;8;352
72162;Lignières-la-Carelle;376;8;384
72176;Lude;3711;59;3770
72189;Marolles-les-Braults;2068;29;2097
72203;Montabon;727;26;753
72207;Montigny;27;1;28
72240;Poncé-sur-le-Loir;324;5;329
72258;Roullée;238;3;241
72262;Ruillé-sur-Loir;1217;157;1374
72284;Saint-Germain-sur-Sarthe;552;14;566
72288;Saint-Hilaire-le-Lierru;144;2;146
72301;Saint-Mars-sous-Ballon;863;14;877
72308;Saint-Paterne;1543;201;1744
72318;Saint-Rigomer-des-Bois;454;10;464
72304;Sainte-Osmane;178;0;178
72363;Tuffé;1506;38;1544
72384;Vouvray-sur-Loir;783;15;798
73002;Aiguebelle;1189;16;1205
73003;Aigueblanche;3235;97;3332
73006;Aime;3607;93;3700
73010;Albens;3940;67;4007
73035;Beaune;52;1;53
73038;Bellentre;924;33;957
73045;Bois;400;12;412
73046;Bonneval;107;0;107
73056;Bramans;450;8;458
73060;Celliers;40;1;41
73062;Cessens;416;17;433
73080;Châtel;192;6;198
73093;Côte-d'Aime;803;29;832
73102;Doucy;377;17;394
73108;Épersy;334;14;348
73111;Étable;402;10;412
73112;Feissons-sur-Isère;574;13;587
73115;Fontaine-le-Puits;124;6;130
73118;Francin;991;25;1016
73126;Granier;354;9;363
73127;Gresin;363;7;370
73135;Hermillon;581;18;599
73143;Lanslebourg-Mont-Cenis;625;13;638
73144;Lanslevillard;485;6;491
73150;Mâcot-la-Plagne;1697;31;1728
73151;Marches;2689;60;2749
73158;Mognard;432;15;447
73163;Montaimont;130;3;133
73167;Montgellafrey;82;0;82
73169;Montgirod;482;9;491
73174;Montrond;37;0;37
73185;Naves;110;1;111
73187;Notre-Dame-de-Briançon;472;7;479
73198;Perrière;487;18;505
73199;Petit-Cœur;574;8;582
73203;Pontamafrey-Montpascal;301;6;307
73209;Pussy;332;8;340
73212;Randens;819;17;836
73215;Rochette;3709;94;3803
73227;Saint-Bon-Tarentaise;1874;41;1915
73235;Saint-François-Longchamp;305;3;308
73236;Saint-Genix-sur-Guiers;2368;52;2420
73238;Saint-Germain-la-Chambotte;538;9;547
73239;Saint-Girod;608;9;617
73244;Saint-Jean-de-Belleville;538;14;552
73257;Saint-Martin-de-Belleville;2633;90;2723
73260;Saint-Maurice-de-Rotherens;213;6;219
73263;Saint-Offenge-Dessous;776;17;793
73264;Saint-Offenge-Dessus;328;4;332
73266;Saint-Oyen;215;3;218
73284;Salins-les-Thermes;887;13;900
73287;Sollières-Sardières;172;4;176
73290;Termignon;356;7;363
73295;Thyl;35;0;35
73305;Valezan;214;3;217
73321;Villarlurin;323;13;336
74010;Annecy;54074;1388;55462
74011;Annecy-le-Vieux;20866;742;21608
74022;Aviernoz;870;29;899
74084;Cons-Sainte-Colombe;387;10;397
74093;Cran-Gevrier;18264;349;18613
74113;Ésery;601;8;609
74115;Esserts-Salève;587;8;595
74120;Évires;1443;35;1478
74123;Faverges;6942;227;7169
74167;Marlens;976;15;991
74182;Meythet;8424;137;8561
74187;Montmin;305;7;312
74204;Ollières;1032;18;1050
74217;Pringy;4083;143;4226
74245;Saint-Martin-Bellevue;2707;76;2783
74268;Seynod;21213;492;21705
74270;Seythenex;664;23;687
74275;Talloires;1691;57;1748
74282;Thorens-Glières;3203;75;3278
76003;Ambourville;188;3;191
76027;Assigny;380;5;385
76031;Auberville-la-Campagne;634;12;646
76034;Auffay;1876;20;1896
76037;Auquemesnil;259;3;262
76041;Autretot;667;16;683
76044;Auzouville-Auberbosc;299;6;305
76073;Belleville-sur-Mer;959;24;983
76078;Bennetot;181;2;183
76080;Bermonville;487;15;502
76081;Berneval-le-Grand;1409;28;1437
76089;Betteville;557;9;566
76098;Biville-sur-Mer;841;17;858
76127;Bosc-Roger-sur-Buchy;735;12;747
76137;Bracquemont;850;32;882
76145;Brunville;247;2;249
76146;Buchy;1465;83;1548
76164;Caudebec-en-Caux;2231;36;2267
76191;Cressy;284;2;286
76215;Derchigny;584;12;596
76248;Estouteville-Écalles;557;2;559
76258;Fauville-en-Caux;2291;72;2363
76267;Folletière;84;3;87
76276;Forges-les-Eaux;3309;178;3487
76277;Fossé;496;13;509
76289;Fréville;943;11;954
76301;Glicourt;268;2;270
76310;Gouchaupre;194;2;196
76326;Greny;122;2;124
76337;Guilmécourt;414;6;420
76376;Intraville;312;6;318
76401;Mailleraye-sur-Seine;1960;33;1993
76444;Mont-de-l'If;115;3;118
76466;Neuville-lès-Dieppe;9789;146;9935
76476;Notre-Dame-de-Gravenchon;8634;149;8783
76496;Penly;493;5;498
76525;Ricarville;305;4;309
76539;Rouelles;3182;22;3204
76618;Saint-Martin-en-Campagne;1293;42;1335
76625;Saint-Nicolas-de-Bliquetuit;616;13;629
76639;Saint-Pierre-Lavis;302;7;309
76643;Saint-Quentin-au-Bosc;107;0;107
76659;Saint-Wandrille-Rançon;1259;22;1281
76607;Sainte-Marguerite-sur-Fauville;277;4;281
76674;Sévis;395;2;397
76696;Tocqueville-sur-Eu;215;4;219
76701;Touffreville-la-Cable;411;9;420
76704;Tourville-la-Chapelle;606;10;616
76713;Triquerville;351;10;361
76729;Veauville-lès-Baons;717;18;735
76742;Villequier;769;19;788
77017;Bailly-Carrois;344;2;346
77028;Beautheil;670;16;686
77166;Écuelles;2305;99;2404
77170;Épisy;592;4;596
77189;Fontaine-sous-Montaiguillon;100;3;103
77213;Grégy-sur-Yerre;459;1;460
77299;Montarlot;247;5;252
77316;Moret-sur-Loing;4326;109;4435
77324;Moutils;133;1;134
77334;Nesles;555;8;563
77346;Ormeaux;394;3;397
77351;Ozouer-le-Repos;375;3;378
77375;Préaux;118;1;119
77399;Saint-Ange-le-Viel;235;3;238
77433;Saints;1345;18;1363
77491;Veneux-les-Sablons;4744;121;4865
77497;Vieux-Maisons;88;0;88
77499;Vilbert;296;2;298
77502;Villegagnon;201;3;204
77504;Villemaréchal;875;14;889
78158;Chesnay;27690;565;28255
78251;Fourqueux;3988;202;4190
78320;Jeufosse;406;6;412
78503;Port-Villez;246;4;250
78524;Rocquencourt;3474;51;3525
78551;Saint-Germain-en-Laye;40765;1615;42380
79004;Aigonnay;640;21;661
79005;Airvault;2190;31;2221
79006;Alleuds;277;6;283
79014;Argenton-l'Église;1403;19;1422
79013;Argenton-les-Vallées;1578;55;1633
79021;Availles-sur-Chizé;163;5;168
79026;Bagneux;219;3;222
79027;Bataille;81;0;81
79028;Beaulieu-sous-Bressuire;916;29;945
79030;Beaussais;441;9;450
79033;Belleville;130;2;132
79035;Beugnon;285;2;287
79039;Boisserolles;49;1;50
79041;Borcq-sur-Airvault;270;6;276
79043;Bouillé-Loretz;1033;15;1048
79044;Bouillé-Saint-Paul;407;57;464
79051;Breuil-Bernard;534;13;547
79052;Breuil-Chaussée;1023;37;1060
79053;Breuil-sous-Argenton;478;8;486
79054;Brie;171;3;174
79061;Celles-sur-Belle;2494;30;2524
79063;Cersay;703;13;716
79064;Chail;503;18;521
79065;Chambroutet;507;8;515
79068;Chantecorps;318;6;324
79072;Chapelle-Gaudin;258;5;263
79073;Chapelle-Largeau;1035;17;1052
79075;Chapelle-Saint-Étienne;324;6;330
79077;Chapelle-Thireuil;441;8;449
79083;Chef-Boutonne;2108;123;2231
79093;Clazay;698;15;713
79098;Couarde;273;3;276
79099;Coudre;234;8;242
79105;Coutières;166;3;169
79107;Crézières;38;0;38
79113;Étusson;334;4;338
79143;Jumeaux;285;4;289
79155;Loublande;917;23;940
79168;Massais;645;7;652
79171;Mauzé-Thouarsais;2148;39;2187
79173;Mazières-sur-Béronne;389;16;405
79174;Melle;3530;234;3764
79178;Missé;821;21;842
79179;Moncoutant;3166;127;3293
79181;Montigné;286;2;288
79182;Montigny;620;10;630
79185;Mougon;2089;70;2159
79186;Moulins;691;14;705
79187;Moutiers-sous-Argenton;579;8;587
79188;Moutiers-sous-Chantemerle;597;12;609
79192;Noirlieu;329;9;338
79193;Noirterre;1001;17;1018
79196;Oiron;903;17;920
79199;Paizay-le-Tort;477;14;491
79214;Pouffonds;409;12;421
79217;Prailles;676;15;691
79219;Priaires;118;0;118
79222;Pugny;229;6;235
79224;Puy-Saint-Bonnet;2073;58;2131
79232;Ronde;445;4;449
79233;Rorthais;764;13;777
79237;Saint-Aubin-de-Baubigné;1413;32;1445
79242;Saint-Clémentin;517;15;532
79247;Saint-Étienne-la-Cigogne;157;2;159
79251;Saint-Génard;351;18;369
79260;Saint-Jouin-de-Marnes;571;10;581
79261;Saint-Jouin-de-Milly;196;4;200
79264;Saint-Léger-de-la-Martinière;946;45;991
79272;Saint-Marsault;535;9;544
79275;Saint-Martin-d'Entraigues;202;0;202
79279;Saint-Martin-lès-Melle;871;18;889
79280;Saint-Maurice-la-Fougereuse;542;7;549
79282;Saint-Médard;107;1;108
79285;Saint-Pardoux;1600;28;1628
79288;Saint-Pierre-à-Champ;292;9;301
79296;Saint-Sauveur;1593;34;1627
79240;Sainte-Blandine;757;17;774
79292;Sainte-Radegonde;1828;36;1864
79314;Sompt;358;7;365
79317;Soulièvres;518;4;522
79318;Soutiers;276;8;284
79321;Taizé-Maulais;760;25;785
79323;Temple;482;6;488
79324;Terves;2639;268;2907
79325;Tessonnière;303;6;309
79327;Thorigné;1261;36;1297
79328;Thorigny-sur-le-Mignon;100;1;101
79330;Tillou;336;9;345
79333;Ulcot;58;2;60
79334;Usseau;877;19;896
79344;Verrines-sous-Celles;1020;24;1044
79353;Vitré;536;47;583
79356;Voultegon;593;14;607
80007;Agnières;144;0;144
80111;Boisrault;113;0;113
80175;Carnoy;102;0;102
80209;Contoire;442;3;445
80257;Dreuil-lès-Molliens;144;1;145
80289;Estrées-en-Chaussée;100;2;102
80295;Étinehem;374;3;377
80363;Frettemolle;104;1;105
80382;Gouy-l'Hôpital;43;1;44
80394;Guémicourt;20;1;21
80398;Guibermesnil;64;1;65
80419;Hargicourt;403;2;405
80441;Hocquincourt;114;3;117
80447;Hyencourt-le-Grand;83;0;83
80454;Laboissière-Saint-Martin;51;1;52
80457;Lahaye-Saint-Romain;292;5;297
80483;Lincheux-Hallivillers;156;4;160
80492;Longvillers;167;1;168
80485;Lœuilly;831;7;838
80505;Mametz;183;4;187
80509;Marchélepot;468;6;474
80510;Marcheville;120;3;123
80532;Méricourt-sur-Somme;218;4;222
80551;Misery;131;0;131
80564;Montmarquet;218;3;221
80581;Namps-au-Mont;199;2;201
80594;Neuville-lès-Lœuilly;127;2;129
80608;Omiécourt;258;6;264
80610;Onvillers;107;2;109
80612;Orival;211;3;214
80621;Pertain;390;11;401
80625;Pierrepont-sur-Avre;659;5;664
80689;Rumaisnil;127;0;127
80712;Saint-Pierre-à-Gouy;64;1;65
80731;Selincourt;96;0;96
80739;Souplicourt;79;2;81
80745;Taisnil;299;6;305
80761;Tilloy-lès-Conty;247;0;247
80768;Tronchoy;224;4;228
80816;Wailly;159;0;159
80817;Wanel;143;1;144
81057;Campes;100;0;100
81062;Castelnau-de-Brassac;739;17;756
81091;Ferrières;158;1;159
81113;Labastide-Dénat;446;9;455
81153;Margnès;50;0;50
81226;Ronel;334;4;338
81233;Roumégoux;262;4;266
81241;Saint-Antonin-de-Lacalm;275;2;277
81260;Saint-Lieux-Lafenasse;457;9;466
81296;Terre-Clapier;260;6;266
81301;Travet;122;2;124
85008;Aubigny;3799;57;3856
85009;Auzay;678;16;694
85019;Belleville-sur-Vie;3948;88;4036
85027;Boufféré;3383;86;3469
85030;Boulogne;960;12;972
85043;Chaillé-sous-les-Ormeaux;1340;24;1364
85044;Chaix;473;8;481
85048;Chambretaud;1563;37;1600
85052;Chapelle-Achard;2038;19;2057
85060;Château-d'Olonne;14411;447;14858
85063;Châtelliers-Châteaumur;789;8;797
85068;Claye;101;1;102
85069;Clouzeaux;2772;43;2815
85079;Dissais;408;13;421
85080;Doix;956;11;967
85084;Essarts;5511;100;5611
85090;Flocellière;2654;48;2702
85091;Fontaines;758;22;780
85107;Guyonnière;2738;153;2891
85122;Lesson;619;14;633
85146;Montaigu;5197;123;5320
85150;Mormaison;1168;7;1175
85152;Mothe-Achard;3025;84;3109
85154;Mouilleron-en-Pareds;1372;77;1449
85162;Nieul-sur-l'Autise;1296;33;1329
85165;Oie;1201;28;1229
85166;Olonne-sur-Mer;15061;707;15768
85168;Oulmes;822;17;839
85177;Poiré-sur-Velluire;664;11;675
85180;Pommeraie-sur-Sèvre;985;26;1011
85194;Sables-d'Olonne;14545;274;14819
85197;Saint-André-Treize-Voies;1466;14;1480
85213;Saint-Florent-des-Bois;2820;151;2971
85217;Saint-Georges-de-Montaigu;4289;142;4431
85219;Saint-Germain-l'Aiguiller;473;13;486
85224;Saint-Hilaire-de-Loulay;4519;114;4633
85230;Saint-Hilaire-du-Bois;290;6;296
85257;Saint-Michel-Mont-Mercure;2058;135;2193
85263;Saint-Philbert-du-Pont-Charrault;1033;14;1047
85270;Saint-Sornin;104;1;105
85272;Saint-Sulpice-le-Verdon;1066;15;1081
85275;Saint-Vincent-Puymaufrais;538;9;547
85203;Sainte-Christine;355;5;360
85212;Sainte-Florence;1259;21;1280
85279;Saligny;2057;31;2088
85299;Velluire;717;7;724
85302;Verrie;3954;96;4050
86019;Beaumont;1884;27;1911
86021;Benassay;847;8;855
86030;Blaslay;539;9;548
86043;Ceaux-en-Couhé;529;12;541
86053;Champigny-le-Sec;1100;23;1123
86056;Chapelle-Montreuil;711;13;724
86060;Charrais;1087;37;1124
86067;Châtillon;232;5;237
86071;Cheneché;383;2;385
86082;Couhé;1884;37;1921
86101;Frontenay-sur-Dive;178;3;181
86115;Jaunay-Clan;6230;216;6446
86123;Lavausseau;770;14;784
86146;Marigny-Brizay;1300;20;1320
86155;Messais;99;3;102
86166;Montreuil-Bonnin;755;11;766
86179;Notre-Dame-d'Or;89;2;91
86185;Ouzilly-Vignolles;193;3;196
86188;Payré;1032;49;1081
86199;Pouzioux;244;3;247
86208;Rochereau;825;12;837
86212;Rossay;269;6;275
86216;Saint-Chartres;101;2;103
86219;Saint-Cyr;1151;14;1165
86240;Saint-Rémy-en-Montmorillon;226;2;228
86245;Saint-Sauveur;1078;29;1107
86259;Senillé;799;13;812
86267;Targé;886;18;904
86277;Varennes;342;3;345
86278;Vaux;797;14;811
86281;Vendeuvre-du-Poitou;3195;45;3240
86283;Verger-sur-Dive;96;6;102
87026;Bussière-Boffy;291;3;294
87028;Bussière-Poitevine;841;18;859
87055;Darnac;378;5;383
87097;Mézières-sur-Issoire;777;9;786
87098;Milhaguet;111;3;114
87128;Roussac;454;5;459
87136;Saint-Barbant;314;11;325
87171;Saint-Nicolas-Courbefy;149;4;153
87173;Saint-Pardoux;618;9;627
87175;Saint-Priest-le-Betoux;65;1;66
87184;Saint-Symphorien-sur-Couze;250;2;252
87196;Thiat;138;1;139
88018;Aumontzey;487;7;494
88029;Bains-les-Bains;1173;109;1282
88067;Boulay;218;5;223
88112;Colroy-la-Grande;517;68;585
88204;Girmont;1013;16;1029
88218;Granges-sur-Vologne;2178;52;2230
88234;Harsault;321;6;327
88235;Hautmougey;130;8;138
88337;Oncourt;197;7;204
88361;Provenchères-sur-Fave;855;18;873
88420;Saint-Jean-du-Marché;90;1;91
88465;Thaon-les-Vosges;7652;216;7868
89001;Accolay;446;5;451
89003;Aillant-sur-Tholon;1404;21;1425
89047;Bligny-en-Othe;95;5;100
89052;Bouilly;243;10;253
89070;Chambeugle;49;2;51
89078;Champvallon;643;14;657
89086;Charny;1474;17;1491
89090;Chastenay;112;3;115
89097;Chêne-Arnoult;108;1;109
89103;Chevillon;323;14;337
89107;Chigy;361;5;366
89109;Cisery;54;0;54
89114;Commissey;207;10;217
89130;Cravant;814;24;838
89135;Cusy;103;3;106
89138;Dicy;312;7;319
89140;Dilo;64;3;67
89157;Essert;67;1;68
89166;Fleurigny;375;11;386
89174;Fontenailles;68;0;68
89178;Fontenouilles;221;4;225
89192;Grandchamp;350;9;359
89196;Guerchy;724;26;750
89197;Guillon;427;1;428
89213;Laduz;321;7;328
89231;Louesme;63;0;63
89241;Malicorne;152;2;154
89243;Marchais-Beton;124;2;126
89260;Molesmes;176;4;180
89275;Neuilly;481;8;489
89293;Perreuse;59;0;59
89294;Perreux;339;3;342
89317;Prunoy;287;2;289
89322;Rebourseaux;280;4;284
89330;Sacy;173;1;174
89334;Saint-Aubin-Château-Neuf;513;6;519
89343;Saint-Denis-sur-Ouanne;145;1;146
89356;Saint-Martin-sur-Ocre;53;1;54
89357;Saint-Martin-sur-Oreuse;400;9;409
89358;Saint-Martin-sur-Ouanne;387;2;389
89366;Saint-Romain-le-Preux;178;6;184
89372;Saint-Vinnemer;252;4;256
89340;Sainte-Colombe-sur-Loing;201;1;202
89381;Sceaux;130;6;136
89388;Sépeaux;381;9;390
89389;Septfonds;147;0;147
89401;Sougères-sur-Sinotte;407;10;417
89405;Taingy;265;3;268
89411;Theil-sur-Vanne;477;15;492
89420;Treigny;734;19;753
89421;Trévilly;68;0;68
89429;Vareilles;240;5;245
89435;Vaux;426;1;427
89448;Vignes;81;1;82
89454;Villefranche;606;8;614
89457;Villemer;236;4;240
89473;Villiers-sur-Tholon;469;16;485
89476;Villotte;89;0;89
89484;Volgré;350;9;359
90068;Meroux;866;22;888
90073;Moval;441;8;449
91182;Courcouronnes;13490;136;13626
91222;Estouches;253;4;257
91228;Évry;54477;390;54867
91390;Méréville;3094;39;3133
